"PBI1","GOQ2","VRS3","JSM4","YJA5","RXD6","EGU7","ERS8","YOV9","Output17","CDK10","JBT11","NPY12"
94.927,29.831,2.546,"O",81.434,61,49.097,31.341,97.312,"Class2",48,"N",66.67
18.316,88.915,39.968,"Y",40.211,38,39.487,52.847,37.146,"Class3",68,"B",17.357
26.075,49.868,31.662,"Y",91.918,26,13.598,44.606,84.346,"Class4",41,"Q",29.194
46.173,47.393,45.722,"Y",90.81,62,44.497,35.066,83.677,"Class4",40,"Q",32.207
43.736,44.078,45.112,"Q",84.46,66,40.976,32.776,83.541,"Class4",41,"M",36.086
98.189,12.611,0.227,"O",82.542,63,50.961,33.534,97.518,"Class2",43,"T",72.01
39.325,88.97,41.05,"K",37.227,41,40.973,54.857,41.47,"Class3",65,"J",8.568
16.538,87.177,46.008,"T",23.569,52,40.2,54.575,27.304,"Class3",69,"V",8.808
18.028,85.584,46.497,"Q",41.915,47,41.129,61.142,77.187,"Class3",65,"J",16.63
52.511,35.573,69.015,"R",88.845,32,45.496,37.32,82.377,"Class4",40,"I",31.493
58.311,54.485,65.321,"R",87.371,22,22.111,36.635,82.367,"Class4",40,"O",30.435
64.19,55.717,27.12,"P",79.85,44,24.809,19.799,83.525,"Class4",40,"K",33.565
NA,42.803,12.39,"O",37.781,72,51.875,53.866,58.406,"Class1",42,"Q",75.35
62.4,29.543,24.394,"H",85.49,59,34.105,46.081,66.099,"Class1",46,"B",74.26
63.857,33.428,11.43,"H",48.341,67,12.434,45.589,62.405,"Class1",46,"Q",65.561
12.103,85.953,45.078,"T",59.206,49,39.958,52.465,70.448,"Class3",69,"B",1.415
21.459,88.677,49.614,"Q",53.505,49,41.83,55.694,78.266,"Class3",66,"V",13.794
23.4,87.361,46.997,"T",43.861,48,41.343,51.768,36.06,"Class3",67,"B",13.136
55.8,36.755,17.428,"Z",77.827,63,56.986,48.696,60.283,"Class1",43,"B",71.486
52.831,27.17,12.678,"B",55.672,69,18.035,36.027,60.183,"Class1",42,"O",67.876
80.823,45.873,0.534,"S",83.758,67,82.418,23.033,97.516,"Class2",64,"H",69.806
56.243,28.092,10.397,"H",45.37,52,42.041,49.989,63.259,"Class1",44,"S",74.45
49.752,48.35,83.386,"Q",84.25,73,22.959,35.661,82.695,"Class4",41,"I",38.246
NA,86.184,49.457,"M",59.801,37,39.204,53.994,60.068,"Class3",67,"B",1.661
83.74,20.475,0.451,"T",86.708,58,83.537,43.894,97.94,"Class2",51,"H",65.826
17.815,86.384,44.329,"T",24.064,46,39.2,67.325,44.833,"Class3",66,"B",14.14
51.149,24.945,0.042,"O",89.031,49,71.318,29.018,98.269,"Class2",56,"F",64.997
65.633,37.23,26.764,"O",73.288,65,61.029,45.605,64.733,"Class1",42,"J",67.273
37.166,37.265,65.494,"Y",88.797,44,45.79,41.495,83.956,"Class4",40,"O",37.303
55.629,14.058,-0.321,"J",84.921,61,80.325,23.626,97.9,"Class2",50,"T",56.033
73.464,36.027,25.655,"H",41.902,62,23.797,48.285,52.991,"Class1",44,"B",71.933
59.738,32.376,23.253,"B",61.172,65,35.725,48.776,66.698,"Class1",42,"B",65.39
20.986,89.792,48.521,"T",83.543,49,41.347,70.787,54.318,"Class3",63,"B",3.498
50.153,34.044,12.134,"Z",47.093,64,61.161,48.547,62.622,"Class1",43,"Q",71.592
107.012,42.934,1.12,"O",88.26,59,72.104,34.488,98.921,"Class2",65,"N",61.058
104.742,38.857,1.564,"S",84.893,44,82.934,30.518,98.337,"Class2",46,"N",69.53
71.276,40.81,0.95,"J",87.072,67,76.085,32.636,97.959,"Class2",40,"N",77.612
NA,88.354,46.101,"Y",44.099,52,41.062,55.015,79.944,"Class3",63,"K",13.426
18.832,90.993,47.438,"M",46.398,48,41.304,60.238,41.829,"Class3",62,"B",12.912
10.369,85.202,46.911,"T",45.455,40,40.546,53.775,78.426,"Class3",63,"V",17.628
45.002,16.509,43.22,"K",93.233,66,43.685,42.554,82.743,"Class4",40,"M",29.804
33.566,85.08,48.306,"T",48.789,45,41.563,63.003,57.88,"Class3",64,"V",23.111
67.277,42.153,21.754,"H",62.992,68,61.03,47.163,68.4,"Class1",46,"Q",66.675
60.762,29.988,10.969,"Z",60.289,55,44.567,51.025,68.755,"Class1",43,"Q",64.059
64.558,29.996,22.39,"H",68.181,51,50.45,51.166,65.198,"Class1",45,"O",65.178
66.411,27.866,1.37,"O",85.824,74,87.391,29.142,97.369,"Class2",41,"T",67.952
95.386,30.266,1.536,"S",85.291,58,69.112,37.739,97.411,"Class2",65,"F",76.475
29.423,89.356,43.688,"T",45.191,52,41.851,59.192,38.847,"Class3",65,"V",2.895
49.086,40.22,62.263,"K",88.473,52,18.332,NA,84.958,"Class4",40,"K",32.925
25.904,24.214,24.738,"R",91.072,38,41.983,20.927,84.779,"Class4",41,"M",33.892
63.021,25.669,1.575,"E",84.041,47,73.842,23.569,98.834,"Class2",47,"T",57.137
31.788,86.44,48.015,"K",47.24,38,41.872,59.706,62.876,"Class3",69,"J",7.529
64.156,30.213,16.426,"O",47.919,50,27.284,43.062,57.361,"Class1",46,"Q",69.904
53.567,45.032,1.521,"T",84.108,44,70.48,28.125,98.8,"Class2",43,"H",75.326
80.35,10.543,1.45,"E",84.289,42,86.335,44.671,98.614,"Class2",37,"T",71.344
79.396,34.843,1.132,"T",81.597,70,90.72,28.41,98.422,"Class2",57,"N",72.984
82.06,18.463,1.648,"S",93.728,70,51.081,32.317,97.271,"Class2",66,"N",63.127
NA,42.059,24.013,"H",72.675,55,38.876,44.616,52.397,"Class1",44,"B",74.013
45.417,35.1,49.987,"R",87.922,23,32.181,40.968,84.64,"Class4",41,"M",32.407
92.739,47.956,0.848,"S",84.281,58,56.106,41.009,98.126,"Class2",44,"H",79.287
65.251,43.662,9.898,"O",52.649,72,39.832,46.075,61.204,"Class1",44,"J",65.396
24.729,86.309,39.751,"Y",45.095,45,41.163,NA,59.645,"Class3",60,"B",17.098
66.146,35.416,12.94,"D",30.83,64,59.194,41.843,59.515,"Class1",43,"J",73.052
57.622,17.544,1.026,"J",85.228,66,55.354,32.95,98.693,"Class2",48,"T",70.747
64.352,30.676,0.663,"J",80.858,74,85.561,NA,97.246,"Class2",65,"T",69.935
60.843,27.108,19.957,"O",58.359,71,39.032,43.617,56.108,"Class1",45,"S",67.01
41.688,29.478,1.534,"J",90.358,72,87.792,52.58,98.374,"Class2",42,"F",72.984
17.143,89.695,51.064,"K",53.687,45,40.348,53.62,62.509,"Class3",65,"K",6.263
71.161,27.559,55.98,"Y",88.378,66,14.336,38.501,82.816,"Class4",40,"O",35.172
57.295,26.616,29.258,"D",18.482,72,46.142,44.826,65.677,"Class1",43,"O",70.376
62.366,51.094,27.478,"Y",84.635,66,46.615,35.014,82.669,"Class4",41,"K",36.839
20.691,87.223,41.765,"K",59.419,44,41.208,63.908,67.7,"Class3",66,"K",16.483
58.343,36.274,0.015,"J",90.217,40,70.479,38.097,98.052,"Class2",61,"H",75.956
61.063,43.517,1.424,"O",82.97,77,90.771,41.749,97.489,"Class2",43,"N",57.362
92.492,37.787,1.332,"S",82.093,61,88.901,36.171,98.799,"Class2",50,"N",58.337
62.352,42.129,23.86,"B",25.445,57,53.05,48.444,54.278,"Class1",42,"J",66.065
83.769,29.432,0.708,"S",84.434,59,58.991,31.788,97.959,"Class2",52,"F",57.676
17.195,89.695,51.333,"K",40.184,45,40.006,62.878,28.428,"Class3",62,"B",13.344
56.9,37.501,1.28,"T",86.315,75,59.734,35.06,97.626,"Class2",49,"H",72.089
84.284,26.941,0.865,"O",82.488,70,65.17,40.825,98.213,"Class2",58,"R",59.105
33.848,23.14,41.529,"K",90.319,35,12.472,40.086,84.752,"Class4",41,"I",32.018
41.17,46.493,43.027,"Y",93.981,19,40.626,31.746,84.65,"Class4",40,"I",32.026
71.086,46.384,1.639,"S",85.922,69,90.16,42.297,97.818,"Class2",53,"R",54.868
66.07,26.297,16.172,"Z",38.026,64,36.107,55.091,63.043,"Class1",42,"Q",72.959
70.506,11.144,1.029,"J",84.364,61,79.406,34.41,98.373,"Class2",36,"N",66.028
109.235,18.253,0.955,"E",82.725,54,53.747,21.144,98.249,"Class2",58,"T",58.327
60.093,42.395,20.648,"D",60.055,56,31.888,45.339,52.901,"Class1",44,"J",66.634
9.324,85.584,49.692,"Q",39.108,49,39.425,55.494,23.946,"Class3",61,"J",9.72
58.867,41.536,58.673,"Y",85.761,51,28.385,39.758,84.766,"Class4",41,"O",37.204
NA,35.662,14.928,"O",41.723,55,23.49,49.868,60.17,"Class1",44,"J",75.563
110.655,47.493,1.175,"S",79.841,48,74.546,31.516,97.417,"Class2",36,"R",74.756
25.272,86.883,44.477,"T",40.058,47,39.367,58.609,30.154,"Class3",60,"V",23.266
27.481,86.589,50.29,"Y",48.696,37,40.135,55.988,71.984,"Class3",68,"V",9.028
64.588,39.15,18.343,"D",47.754,70,8.4,49.01,65.967,"Class1",42,"B",66.992
14.716,89.333,41.292,"K",56.619,44,40.453,53.643,73.71,"Class3",65,"J",7.189
51.227,41.454,56.924,"Y",86.204,34,34.522,33.675,82.048,"Class4",40,"K",34.015
46.795,53.008,59.212,"R",80.85,65,29.474,NA,84.114,"Class4",41,"K",30.117
59.69,36.5,18.216,"H",20.265,53,34.396,45.633,59.879,"Class1",43,"J",70.104
29.285,90.024,43.615,"T",46.908,38,41.51,45.703,23.372,"Class3",69,"J",2.483
33.538,89.568,44.864,"K",45.754,44,41.565,49.588,58.844,"Class3",66,"B",13.575
57.711,43.54,17.278,"O",66.757,69,25.9,49.147,55.141,"Class1",43,"B",71.932
36.752,89.488,44.947,"M",38.736,42,41.671,57.71,74.058,"Class3",62,"J",11.157
68.981,30.075,8.392,"B",74.959,61,37.986,46.167,61.139,"Class1",42,"S",64.507
66.389,21.895,0.518,"J",87.085,68,61.942,24.359,97.254,"Class2",50,"R",68.973
64.561,55.061,41.184,"R",85.852,68,49.656,24.533,82.872,"Class4",41,"O",40.621
NA,88.561,43.219,"M",25.776,37,40.267,54.063,26.713,"Class3",67,"B",10.274
43.29,13.79,0.588,"J",88.343,76,58.977,29.091,98.59,"Class2",48,"N",54.42
54.813,36.766,13.752,"Z",54.639,57,22.379,NA,63.357,"Class1",44,"O",68.829
49.196,29.893,20.897,"K",93.844,33,12.837,18.91,84.252,"Class4",40,"I",38.053
51.518,43.137,57.456,"Q",85.434,60,13.932,39.938,82.851,"Class4",41,"M",37.914
55.046,34.611,15.561,"Z",45.018,59,46.786,50.842,56.593,"Class1",46,"S",71.792
60.138,29.745,13.026,"B",57.231,71,10.377,46.487,66.799,"Class1",44,"Q",68.156
69.445,35.327,2.938,"O",83.721,74,79.04,46.06,97.473,"Class2",55,"T",56.896
62.409,17.722,47.23,"K",94.985,33,45.905,49.69,82.192,"Class4",40,"O",36.745
49.993,15.355,45.314,"Y",87.104,36,53.436,22.441,82.006,"Class4",40,"Q",30.623
60.037,39.227,29.103,"B",41.396,66,27.96,45.795,60.192,"Class1",43,"J",66.113
20.684,87.126,46.762,"M",53.151,37,41.103,62.777,68.411,"Class3",63,"V",6.503
62.472,25.232,16.991,"B",55.664,64,27.709,46.971,63.064,"Class1",43,"S",65.075
95.438,46.6,0.437,"O",83.416,71,69.95,34.133,98.393,"Class2",42,"R",59.527
59.352,36.377,22.964,"D",76.255,62,48.994,NA,63.095,"Class1",44,"B",68.579
66.513,39.715,0.69,"E",89.297,43,73.451,30.956,97.954,"Class2",59,"H",65.025
25.481,88.598,37.787,"Q",29.139,46,40.937,52.331,21.39,"Class3",69,"K",23.785
31.514,86.634,45.719,"M",53.674,49,40.53,54.709,24.414,"Class3",63,"K",14.435
71.971,29.571,18.762,"B",67.042,54,16.044,43.301,65.076,"Class1",42,"Q",64.021
59.155,34.827,3.462,"H",62.309,59,31.358,49.468,66.538,"Class1",43,"J",64.431
57.857,44.992,17.564,"D",64.64,61,34.529,49.083,55.3,"Class1",46,"S",70.604
49.207,44.945,31.667,"Y",88.086,41,35.964,26.91,84.811,"Class4",41,"O",38.713
NA,33.823,46.319,"P",93.504,70,37.64,29.571,84.018,"Class4",41,"I",32.656
56.347,21.389,41.941,"Q",80.08,67,34.882,25.495,84.616,"Class4",40,"K",29.928
6.661,86.876,52.52,"M",39.148,51,40.291,54.174,54.642,"Class3",64,"V",17.679
NA,85.413,43.629,"K",64.844,40,39.96,56.895,50.093,"Class3",64,"J",6.618
44.937,53.317,70.827,"Y",90.086,50,39.302,34.081,83.492,"Class4",41,"K",31.554
58.574,14.377,1.356,"T",88.334,71,61.834,42.81,97.516,"Class2",65,"T",74.363
50.468,22.357,69.329,"Q",90.248,64,28.217,29.71,84.858,"Class4",41,"M",28.408
47.635,38.832,26.868,"H",36.577,61,13.568,45.899,68.58,"Class1",42,"B",69.348
46.718,33.522,18.501,"K",91.41,41,15.23,32.737,82.087,"Class4",40,"O",31.911
48.246,49.074,37.721,"P",89.163,45,7.167,22.783,84.351,"Class4",41,"Q",31.191
65.696,34.991,54.657,"R",80.381,65,31.634,31.444,83.095,"Class4",41,"K",35.412
56.628,41.84,51.032,"P",91.574,62,53.673,25.527,84.533,"Class4",40,"M",32.317
3.461,85.117,36.466,"Q",49.253,50,40.782,57.384,22.224,"Class3",68,"L",23.805
69.979,39.028,25.62,"D",58.773,66,11.595,46.698,65.04,"Class1",44,"J",75.16
48.351,89.249,36.797,"T",44.322,38,41.384,53.445,20.567,"Class3",62,"K",20.266
45.587,20.196,1.413,"J",88.288,60,68.961,38.035,98.071,"Class2",49,"N",59.647
42.036,42.759,74.892,"P",85.175,74,9.191,34.648,83.534,"Class4",40,"O",31.104
8.96,86.775,48.774,"Y",50.15,49,41.022,59.206,33.762,"Class3",69,"V",5.102
57.068,34.992,17.026,"Z",39.121,64,51.339,51.469,62.728,"Class1",43,"S",68.993
17.658,85.34,44.046,"Q",50.433,40,41.114,65.356,63.984,"Class3",65,"J",16.203
31.094,86.113,45.414,"K",77.289,51,41.491,56.219,55.51,"Class3",62,"K",8.254
51.138,53.623,18.701,"R",91.228,52,14.355,43.547,83.76,"Class4",41,"K",40.84
NA,29.397,9.049,"H",43.72,70,27.137,NA,61.894,"Class1",45,"B",75.893
22.224,88.714,46.592,"T",47.324,47,39.909,56.523,22.16,"Class3",61,"V",5.483
59.083,28.808,18.763,"D",41.87,53,50.516,50.354,55.966,"Class1",45,"Q",74.462
18.354,85.382,41.914,"Q",62.865,37,40.272,59.394,40.555,"Class3",60,"J",11.905
62.039,30.434,6.927,"H",48.762,61,9.255,39.833,61.572,"Class1",43,"B",73.325
61.363,40.657,34.625,"O",72.462,61,12.154,42.026,68.349,"Class1",45,"S",68.828
49.493,29.352,35.337,"K",90.759,61,44.213,33.264,84.512,"Class4",41,"Q",29.562
35.684,23.522,53.879,"P",80.229,52,15.525,33.405,84.683,"Class4",41,"I",40.274
NA,32.358,0.981,"O",85.201,66,71.429,23.743,97.543,"Class2",44,"H",78.603
40.557,56.721,52.637,"K",91.837,57,27.564,38.827,82.419,"Class4",41,"Q",30.437
84.422,26.872,-0.024,"J",91.33,45,78.517,37.021,98.605,"Class2",52,"F",76.506
61.088,43.255,16.104,"O",92.946,57,45.144,48.079,65.32,"Class1",42,"Q",74.665
40.324,37.88,66.022,"Q",92.332,32,37.921,35.921,84.08,"Class4",40,"I",32.421
56.136,27.036,17.114,"H",50.555,59,14.061,46.736,58.763,"Class1",46,"J",67.652
73.278,14.802,0.733,"S",89.221,40,63.799,20.776,98.503,"Class2",46,"T",55.605
NA,14.209,1.327,"T",88.585,78,64.56,28.601,98.851,"Class2",45,"N",59.693
55.318,33.932,7.695,"D",75.895,52,50.639,51.994,56.583,"Class1",45,"J",64.74
15.631,89.221,45.876,"K",55.365,45,39.875,54.807,67.248,"Class3",63,"K",14.926
65.714,30.044,22.879,"H",78.479,58,11.034,41.847,62.979,"Class1",44,"O",64.909
65.772,32.215,13.84,"H",48.309,52,42.578,52.894,63.81,"Class1",43,"S",70.55
55.925,43.771,14.875,"O",47.012,51,23.791,50.422,54.062,"Class1",43,"S",71.127
57.002,28.482,15.577,"H",55.19,61,48.193,46.344,56.845,"Class1",46,"O",67.179
82.103,42.645,0.188,"J",82.171,67,78.667,31.777,98.07,"Class2",47,"R",55.742
17.01,86.515,41.292,"Y",71.196,45,41.147,51.272,45.221,"Class3",62,"V",4.757
26.536,85.146,47.148,"M",44.242,38,39.716,55.523,46.772,"Class3",60,"V",5.689
20.258,85.052,45.727,"T",69.571,46,40.361,48.048,39.134,"Class3",60,"J",4.072
43.682,50.651,78.897,"P",86.447,49,43.654,33.55,84.835,"Class4",41,"Q",31.148
59.286,45.639,11.485,"H",60.536,55,36.616,48.252,55.628,"Class1",42,"B",72.696
14.099,88.18,45.663,"M",45.784,37,40.442,58.029,45.995,"Class3",62,"L",8.849
56.383,27.869,73.252,"R",92.977,32,39.348,30.536,83.76,"Class4",40,"Q",29.078
73.528,23.06,41.713,"K",87.151,66,29.848,27.308,84.505,"Class4",41,"O",29.758
73.707,45.408,0.43,"S",87.084,74,92.027,33.394,97.627,"Class2",56,"T",57.786
49.984,31.307,9.424,"B",67.218,72,22.743,NA,61.429,"Class1",46,"J",73.467
41.692,27.122,94.024,"R",93.901,57,14.068,39.167,84.493,"Class4",41,"M",39.561
44.344,36.175,62.001,"K",85.447,64,38.296,24.315,83.362,"Class4",40,"I",31.753
14.899,88.626,45.932,"Q",31.475,44,41.725,63.053,58.064,"Class3",63,"L",11.988
49.05,29.029,69.595,"K",83.865,71,9.331,20.307,83.124,"Class4",41,"Q",40.585
68.527,37.368,37.457,"P",89.59,52,34.243,35.038,84.853,"Class4",41,"K",32.772
68.804,13.315,0.175,"J",83.207,60,86.959,38.668,97.969,"Class2",61,"H",57.159
31.503,90.914,44.739,"T",53.244,52,40.742,52.773,43.499,"Class3",67,"B",13.654
53.194,42.606,5.628,"H",74.191,54,39.974,49.909,66.774,"Class1",42,"Q",66.817
75.014,18.574,1.747,"O",87.754,68,83.271,NA,97.603,"Class2",42,"F",61.121
60.729,54.221,60.579,"R",82.3,36,12.392,26.97,83.024,"Class4",40,"M",33.169
57.905,22.884,67.739,"K",88.855,25,52.922,34.396,83.554,"Class4",40,"Q",38.546
57.864,39.347,10.504,"Z",75.03,50,57.532,55.067,62.886,"Class1",46,"Q",73.498
57.254,26.51,28.886,"H",41.866,53,46.375,46.65,52.868,"Class1",45,"O",65.827
26.635,86.257,47.817,"Q",43.057,42,39.353,48.396,30.537,"Class3",67,"L",7.304
61.815,31.283,1.836,"O",82.243,72,71.961,35.531,97.373,"Class2",61,"T",61.995
84.008,40.767,0.303,"E",90.361,47,54.26,26.241,98.728,"Class2",47,"R",68.648
62.017,36.33,22.058,"H",70.683,55,53.463,44.903,55.962,"Class1",42,"J",70.707
51.971,31.742,25.849,"D",54.926,68,56.81,47.161,54.531,"Class1",45,"O",73.492
54.288,40.23,20.472,"Z",72.303,55,42.961,45.493,58.884,"Class1",46,"J",65.233
29.021,87.225,41.237,"K",50.363,41,40.539,49.162,44.964,"Class3",63,"L",8.545
53.741,20.407,70.563,"K",84.091,38,20.049,34.997,83.943,"Class4",40,"I",31.944
54.658,47.709,34.585,"Y",82.812,65,34.458,29.561,82.511,"Class4",40,"Q",34.272
75.739,17.279,38.928,"K",86.652,56,36.857,22.303,82.46,"Class4",41,"K",39.6
56.414,20.041,0.811,"S",90.846,64,74.065,41.774,98.937,"Class2",49,"F",60.262
43.49,44.824,0.838,"T",90.166,43,86.145,29.795,97.711,"Class2",56,"T",62.512
NA,20.901,47.592,"Q",80.951,35,22.867,25.245,84.727,"Class4",41,"O",30.543
58.418,52.118,49.992,"R",85.462,20,12.208,35.179,83.583,"Class4",41,"O",36.799
90.607,41.787,1.024,"O",82.504,58,91.895,41.238,97.948,"Class2",47,"N",65.197
25.057,87.615,47.483,"Q",24.013,47,41.363,56.737,56.745,"Class3",68,"V",13.484
61.045,32.204,15.065,"B",58.547,57,24.343,43.484,57.953,"Class1",43,"O",75.713
112.093,14.704,0.68,"O",81.905,76,79.316,37.273,97.326,"Class2",37,"N",74.311
44.006,36.345,43.905,"P",90.172,57,38.582,18.122,84.388,"Class4",40,"M",35.416
17.59,90.671,45.422,"K",39.316,37,41.761,53.659,56.65,"Class3",65,"J",15.87
48.561,28.819,36.307,"O",48.053,59,37.447,41.105,55.26,"Class1",44,"B",64.378
65.747,40.998,31.201,"D",53.55,52,10.327,NA,62.49,"Class1",45,"J",64.395
59.142,28.499,19.843,"O",63.503,72,31.948,42.026,65.36,"Class1",45,"B",67.303
34.591,88.337,48.17,"Y",43.866,51,41.973,62.298,33.646,"Class3",63,"J",16.879
61.772,29.672,-3.787,"D",52.811,68,8.894,47.673,68.81,"Class1",43,"J",70.73
51.599,25.739,72.753,"Q",81.204,23,11.447,23.731,82.902,"Class4",40,"K",39.489
11.042,85.079,41.647,"T",47.515,41,41.03,59.404,73.143,"Class3",64,"V",3.233
84.401,39.803,0.964,"O",88.945,77,81.686,30.948,98.909,"Class2",37,"N",66.378
NA,52.93,34.675,"R",93.92,22,46.863,35.053,84.147,"Class4",41,"K",37.046
57.202,27.352,19.324,"O",43.991,65,39.667,49.978,67.242,"Class1",42,"J",75.764
56.793,29.943,0.797,"E",91.504,36,61.966,38.887,97.996,"Class2",49,"H",65.472
NA,32.918,15.973,"H",63.059,55,36.315,43.411,56.838,"Class1",45,"Q",75.429
61.665,34.184,18.453,"D",68.103,72,48.819,NA,61.749,"Class1",44,"O",67.149
53.215,42.875,1.206,"S",88.994,64,86.541,34.892,98.637,"Class2",37,"R",54.973
91.493,18.175,1.329,"S",91.563,50,68.777,39.4,97.506,"Class2",56,"N",77.121
44.943,20.465,46.123,"P",88.271,66,13.076,30.459,84.333,"Class4",40,"Q",33.585
58.05,26.24,13.453,"B",43.201,71,21.917,39.164,57.304,"Class1",44,"J",67.704
27.364,87.474,42.903,"M",70.126,41,39.67,56.27,76.246,"Class3",63,"L",7.648
89.185,47.814,0.641,"J",85.207,54,91.442,33.943,97.194,"Class2",35,"H",59.524
79.215,40.778,1.707,"E",84.538,69,89.085,19.617,97.871,"Class2",36,"T",56.546
54.426,32.287,17.016,"O",61.076,58,9.308,44.264,56.998,"Class1",44,"Q",64.717
14.954,88.615,52.884,"Q",46.657,45,39.179,53.916,43.588,"Class3",62,"K",3.518
48.152,40.847,78.206,"K",90.539,25,9.651,27.479,84.272,"Class4",40,"I",34.069
60.039,43.473,12.552,"Z",19.775,50,15.618,45.258,52.625,"Class1",45,"J",65.381
59.797,27.447,21.418,"O",49.442,56,61.209,44.102,63.045,"Class1",43,"S",75.987
33.08,90.872,36.987,"Q",37.866,41,39.895,NA,32.434,"Class3",61,"B",14.025
56.596,37.745,0.516,"J",90.984,47,69.031,41.061,98.79,"Class2",38,"H",79.347
70.962,48.154,47.604,"K",79.571,69,29.96,27.455,83.028,"Class4",40,"I",32.255
71.623,19.719,1.463,"T",87.51,60,79.971,33.095,98.347,"Class2",38,"F",74.01
31.097,88.299,42.58,"Y",44.577,52,40.151,54.098,75.772,"Class3",69,"B",4.69
64.888,33.848,0.834,"T",85.314,63,74.542,35.655,97.755,"Class2",53,"N",67.232
52.682,44.435,-0.712,"S",84.781,68,76.721,32.495,98.606,"Class2",40,"H",65.815
17,88.986,43.307,"T",31.42,44,39.647,60.646,46.554,"Class3",64,"J",19.923
50.447,20.306,61.919,"Q",86.566,26,37.903,22.1,84.768,"Class4",40,"K",30.054
56.174,43.091,31.561,"D",69.779,58,21.784,43.556,57.099,"Class1",44,"B",73.665
72.661,29.541,0.245,"S",91.375,48,85.903,39.624,97.583,"Class2",47,"T",56.832
62.548,32.55,20.492,"Z",49.963,54,37.883,41.509,66.688,"Class1",44,"B",69.219
52.258,35.595,23.5,"H",69.104,65,34.749,43.559,59.935,"Class1",46,"S",70.711
41.323,47.083,47.327,"K",83.488,21,36.074,36.198,82.004,"Class4",40,"O",34.945
87.875,25.364,0.863,"J",92.762,71,55.557,30.537,98.107,"Class2",41,"F",75.545
52.651,48.667,29.035,"Q",89.929,37,45.058,34.89,84.848,"Class4",41,"K",37.173
62.379,35.004,17.971,"H",45.57,65,19.458,43.6,52.114,"Class1",42,"J",75.791
68.526,26.632,0.597,"S",87.222,53,66.624,33.73,98.253,"Class2",63,"H",57.044
52.267,21.467,7.713,"Q",85.475,42,50.704,25.847,84.867,"Class4",41,"M",33.448
67.567,38.108,1.427,"T",89.643,66,60.141,29.094,97.851,"Class2",35,"N",75.228
25.823,89.972,48.553,"T",39.2,42,41.994,55.062,64.963,"Class3",69,"B",21.876
52.05,40.09,14.933,"O",60.391,61,22.459,46.516,64.763,"Class1",45,"Q",68.738
12.958,90.09,41.151,"Y",56.47,50,39.806,58.142,64.739,"Class3",67,"B",4.42
64.625,52.782,35.867,"Y",88.912,77,39.929,25.964,84.764,"Class4",40,"K",28.673
55.391,18.412,25.868,"R",93.256,19,35.8,27.57,83.939,"Class4",41,"I",37.533
8.255,88.643,50.162,"K",79.09,51,39.509,49.532,25.232,"Class3",64,"L",20.853
64.35,25.257,74.072,"R",83.592,64,12.286,43.38,83.411,"Class4",40,"M",33.272
40.609,38.849,12.006,"H",-2.889,72,60.985,44.37,65.422,"Class1",46,"S",69.102
65.987,36.829,12.768,"O",52.64,53,48.498,48.192,53.67,"Class1",44,"O",73.348
59.495,40.517,12.585,"B",51.857,66,12.699,47.11,52.684,"Class1",45,"S",65.29
24.335,88.186,49.537,"K",42.597,51,41.791,56.557,33.99,"Class3",67,"K",22.197
43.628,35.13,14.083,"B",69.181,61,59.933,45.464,68.007,"Class1",46,"S",70.953
58.873,31.747,8.455,"O",46.143,59,54.197,NA,66.883,"Class1",44,"Q",71.946
56.447,15.358,27.659,"Y",87.18,37,18.74,27.496,83.582,"Class4",41,"M",36.515
41.094,17.596,43.782,"K",93.144,73,45.283,22.565,82.633,"Class4",40,"Q",33.71
62.807,39.137,17.856,"O",101.37,72,47.349,46.131,65.63,"Class1",42,"O",73.028
52.458,30.78,28.728,"P",91.547,74,51.787,24.388,84.22,"Class4",40,"K",33.416
26.693,85.981,44.859,"K",22.684,42,40.941,53.802,29.522,"Class3",68,"V",6.684
18.261,90.255,49.636,"Y",25.427,38,40.898,57.788,20.129,"Class3",68,"B",9.822
43.556,40.125,26.159,"Z",52.717,66,19.811,47.07,66.563,"Class1",42,"O",70.311
16.324,90.478,48.467,"Y",54.141,48,40.694,61.687,29.825,"Class3",60,"J",3.845
71.941,45.274,44.786,"K",91.661,43,16.281,43.458,84.059,"Class4",40,"Q",40.453
25.612,90.361,46.822,"Q",50.553,39,39.204,43.503,60.4,"Class3",63,"J",16.975
64.263,30.112,31.573,"O",81.686,71,25.506,34.415,56.191,"Class1",46,"S",70.012
38.222,87.194,51.733,"K",58.748,48,39.66,61.726,67.514,"Class3",67,"B",22.202
55.624,44.806,12.746,"D",82.917,68,18.757,45.362,54.8,"Class1",45,"B",75.511
56.57,23.059,63.8,"K",88.163,60,49.328,NA,84.214,"Class4",40,"O",33.631
26.72,89.337,42.577,"M",48.826,47,39.862,59.339,70.21,"Class3",65,"V",2.581
89.598,31.62,1.459,"J",86.432,78,54.613,36.859,97.206,"Class2",44,"F",75.449
51.323,43.114,25.094,"B",82.386,63,17.376,44.872,58.766,"Class1",44,"B",70.04
94.071,11.645,0.648,"S",90.097,76,86.587,47.012,98.897,"Class2",45,"N",69.337
66.659,41.865,2.301,"E",88.782,36,80.797,29.48,98.297,"Class2",45,"N",73.342
NA,34.504,4.345,"Z",22.896,65,26.686,51.132,54.959,"Class1",43,"S",66.505
28.709,85.057,46.388,"K",47.595,37,41.352,61.853,39.762,"Class3",60,"K",8.59
56.293,35.283,24.259,"H",25.183,70,43.816,54.767,52.453,"Class1",44,"O",73.914
55.96,19.792,53.908,"K",93.454,44,16.794,30.885,84.041,"Class4",41,"I",30.128
19.744,87.204,37.174,"K",36.517,42,41.522,56.435,58.934,"Class3",60,"K",16.715
72.153,41.002,1.27,"O",83.258,72,60.404,26.389,98.078,"Class2",57,"N",55.862
110.746,15.226,0.631,"T",89.423,67,79.235,30.696,97.831,"Class2",53,"H",73.826
53.755,25.843,18.515,"H",40.657,59,13.495,52.584,55.743,"Class1",43,"B",70.707
25.386,89.319,51.056,"T",60.091,42,39.452,57.254,76.213,"Class3",60,"L",5.157
68.848,29.147,31.672,"R",90.277,52,13.517,26.558,84.088,"Class4",40,"Q",30.374
50.684,27.115,26.125,"D",47.468,51,44.311,44.904,55.035,"Class1",46,"B",75.24
88.759,47.281,0.213,"S",84.704,43,75.503,NA,97.896,"Class2",62,"F",67.654
49.509,43.045,45.844,"P",90.202,25,31.715,26.492,84.875,"Class4",41,"K",39.387
69.94,21.944,0.25,"T",88.184,53,85.199,26.667,97.207,"Class2",54,"R",76.338
65.803,56.863,53.684,"K",83.367,74,16.103,33.822,84.589,"Class4",40,"K",34.505
7.505,89.274,45.158,"T",31.827,52,41.113,57.843,20.573,"Class3",69,"L",9.928
78.593,12.97,0.416,"S",77.627,51,76.955,41.152,98.508,"Class2",58,"N",74.048
18.588,88.061,44.29,"M",28.173,40,39.23,58.796,67.15,"Class3",60,"K",7.974
47.791,45.095,14.069,"Z",28.285,65,60.058,NA,52.191,"Class1",42,"O",67.199
31.463,89.736,44.101,"T",53.797,42,39.388,47.608,29.503,"Class3",61,"B",13.014
10.095,85.515,50.651,"Q",53.606,38,41.137,62.598,28.321,"Class3",60,"K",15.357
50.193,18.34,58.876,"K",92.03,66,52.242,24.478,82.529,"Class4",40,"M",29.421
NA,31.199,12.104,"B",45.164,57,13.296,43.322,56.364,"Class1",43,"O",74.988
19.334,85.412,50.537,"Y",51.917,39,41.338,NA,37.072,"Class3",60,"K",22.59
48.935,20.828,58.121,"Y",79.959,61,33.9,39.046,83.437,"Class4",40,"O",28.548
38.722,22.728,51.722,"P",87.757,62,11.101,28.695,82.973,"Class4",40,"K",29.336
43.165,50.416,38.679,"K",86.769,50,9.943,51.083,82.748,"Class4",41,"I",39.006
47.491,34.799,57.578,"Y",81.465,41,18.005,28.597,83.416,"Class4",41,"Q",33.78
16.516,87.097,44.065,"K",43.467,44,40.473,56.704,31.032,"Class3",68,"K",1.949
49.616,37.358,44.895,"K",84.747,26,17.422,31.528,82.827,"Class4",40,"I",33.718
53.006,56.425,70.207,"P",85.795,39,47.889,32.381,84.605,"Class4",40,"I",34.384
22.637,90.06,46.04,"T",47.418,42,39.781,62.48,71.315,"Class3",65,"V",17.803
50.692,45.488,26.3,"B",27.926,72,18.953,46.415,58.623,"Class1",44,"Q",70.038
43.13,20.863,70.82,"Y",86.178,39,10.166,25.578,82.868,"Class4",41,"Q",32.285
67.879,36.233,5.12,"O",48.813,60,9.921,49.318,62.818,"Class1",42,"Q",66.052
17.615,88.097,49.615,"K",55.082,50,41.542,52.645,74.328,"Class3",68,"K",23.994
20.671,88.322,44.404,"Q",43.754,50,40.101,52.935,72.69,"Class3",69,"B",18.828
106.631,45.668,1.535,"O",88.131,43,76.579,33.827,97.487,"Class2",57,"T",55.416
13.61,85.786,47.229,"Q",43.361,52,39.397,58.549,55.093,"Class3",61,"J",4.975
55.976,48.372,51.7,"K",87.931,42,43.879,29.592,84.757,"Class4",40,"O",32.821
66.023,40.747,1.034,"T",80.236,42,91.384,33.106,98.435,"Class2",37,"T",59.276
54.056,27.427,26.902,"D",43.84,68,13.826,48.202,53.839,"Class1",42,"J",74.356
45.899,42.677,25.173,"K",84.846,60,23.234,42.564,84.218,"Class4",41,"M",38.186
61.834,33.362,17.503,"O",29.241,71,22.126,44.623,58.699,"Class1",43,"Q",67.705
24.993,88.648,48.599,"M",43.571,45,41.409,45.951,31.683,"Class3",64,"B",20.645
50.31,25.278,12.38,"Z",77.024,65,12.722,47.493,61.947,"Class1",43,"S",66.768
43.382,40.197,6.492,"D",28.137,55,13.709,45.754,65.373,"Class1",43,"S",65.068
53.789,40.775,30.574,"D",50.645,71,38.361,43.603,61.884,"Class1",44,"O",75.459
17.301,85.902,47.087,"Q",30.612,44,39.495,62.678,29.799,"Class3",68,"L",19.196
51.763,37.448,49.164,"K",86.727,25,34.873,18.463,83.258,"Class4",40,"O",36.061
6.7,88.485,55.218,"K",37.247,45,41.8,61.132,23.799,"Class3",68,"B",4.319
61.682,10.268,1.028,"T",80.97,48,53.735,NA,97.903,"Class2",33,"H",78.732
NA,9.722,0.837,"O",84.689,48,54.025,20.621,97.178,"Class2",36,"T",57.285
91.359,43.366,1.029,"S",90.108,76,57.009,32.873,97.167,"Class2",62,"T",58.615
62.77,25.632,10.453,"H",55.792,55,53.347,53.485,62.051,"Class1",44,"J",72.197
52.365,31.951,25.991,"D",24.29,66,18.119,41.758,60.848,"Class1",46,"J",68.356
62.807,47.878,1.171,"O",91.017,47,56.977,27.188,97.596,"Class2",64,"F",58.714
NA,16.665,0.823,"J",88.739,66,69.069,35.062,97.613,"Class2",38,"T",74.786
35.297,48.273,69.063,"P",81.567,40,20.657,26.549,82.455,"Class4",40,"I",32.477
61.56,39.866,44.727,"Y",92.193,65,22.466,21.634,84.782,"Class4",40,"Q",36.33
58.097,32.279,40.012,"K",89.349,66,46.269,29.78,82.549,"Class4",41,"K",35.912
54.389,30.699,6.149,"B",68.997,62,56.516,43.648,62.483,"Class1",43,"B",69.635
58.1,44.86,1.033,"S",85.062,60,88.954,NA,97.059,"Class2",42,"F",55.42
60.331,15.769,55.109,"Q",85.818,35,48.231,34.068,83.904,"Class4",40,"O",33.811
27.328,85.388,45.288,"Y",30.899,45,41.067,59.898,45.259,"Class3",66,"L",9.34
NA,25.8,12.031,"B",66.213,71,39.499,43.911,53.15,"Class1",44,"Q",68.267
32.172,85.335,40.39,"Y",51.921,42,41.028,56.423,30.705,"Class3",62,"L",8.475
56.122,33.374,15.699,"H",51.05,60,40.37,49.258,65.095,"Class1",43,"B",74.45
24.473,88.17,45.265,"M",38.413,50,40.979,62.152,56.115,"Class3",60,"J",2.521
NA,26.813,18.354,"B",63.589,69,55.74,45.207,53.282,"Class1",42,"O",72.079
51.137,43.955,19.13,"H",56.521,66,36.335,41.431,67.969,"Class1",44,"O",74.076
81.101,16.345,2.229,"T",87.959,78,63.939,43.041,97.341,"Class2",48,"R",74.367
55.364,43.244,20.068,"O",42.849,72,30.946,49.402,63.778,"Class1",46,"O",67.162
58.917,41.146,23.466,"O",44.163,50,58.349,43.08,52.207,"Class1",44,"Q",71.878
57.18,43.451,28.649,"H",33.189,52,11.567,41.965,53.512,"Class1",42,"O",70.758
61.463,26.422,50.688,"Y",85.363,70,7.774,46.028,84.191,"Class4",41,"M",31.345
78.245,22.1,0.159,"E",86.268,44,76.498,NA,98.774,"Class2",37,"R",54.979
25.531,90.769,35.001,"Q",36.512,41,39.611,58.524,45.71,"Class3",66,"B",10.495
31.147,88.813,46.56,"M",24.981,37,41.901,63.02,67.847,"Class3",61,"J",17.038
94.284,38.304,2.505,"J",86.393,66,84.158,22.108,97.432,"Class2",60,"N",79.33
13.739,87.323,48.609,"T",48.648,48,39.162,NA,27.827,"Class3",61,"V",12.288
27.569,86.078,50.993,"T",61.711,43,39.666,61.402,71.607,"Class3",67,"B",13.733
35.634,90.296,48.153,"K",41.53,48,40.764,56.846,53.664,"Class3",69,"J",17.721
58.579,33.335,14.664,"Z",56.705,54,34.283,38.429,65.94,"Class1",45,"Q",71.979
53.499,41.38,67.904,"Y",90.087,69,34.363,19.472,84.467,"Class4",41,"M",33.579
70.026,35.226,25.926,"Z",73.457,52,58.045,41.309,59.136,"Class1",42,"S",70.233
26.693,85.72,53.171,"T",46.364,49,40.602,56.404,40.768,"Class3",63,"K",15.924
91.552,39.639,0.575,"E",83.784,77,89.854,37.359,97.62,"Class2",49,"N",69.065
43.761,32.333,66.466,"Q",84.729,36,14.546,39.966,83.224,"Class4",41,"I",35.35
47.301,41.547,12.467,"H",29.178,66,36.139,52.618,60.871,"Class1",45,"Q",66.695
31.195,57.503,82.328,"Y",91.302,29,27.615,34.087,84.156,"Class4",40,"O",34.042
106.348,33.531,0.673,"T",88.286,51,76.798,NA,98.213,"Class2",67,"H",57.221
30.934,90.538,51.459,"M",51.882,52,39.771,53.693,21.838,"Class3",64,"J",7.975
54.077,16.671,83.551,"Q",82.486,76,46.423,26.652,83.746,"Class4",40,"K",37.405
24.839,90.356,47.106,"T",62.072,39,40.376,59.347,57.858,"Class3",64,"V",20.836
63.323,44.311,19.932,"B",51.76,71,15.385,46.793,60.359,"Class1",44,"Q",74.059
28.519,86.956,48.313,"K",28.718,47,41.277,62.316,60.239,"Class3",62,"L",6.254
24.583,90.084,41.297,"M",45.73,43,40.237,60.229,50.041,"Class3",67,"B",18.543
90.465,18.991,0.986,"S",96.189,58,87.148,30.137,97.917,"Class2",50,"R",76.158
NA,31.273,27.783,"O",46.502,59,32.658,34.544,55.226,"Class1",42,"Q",75.883
25.53,90.933,49.559,"Q",42.881,48,41.88,50.426,39.221,"Class3",63,"L",6.07
47.175,44.475,89.5,"Y",86.739,57,14.194,24.23,82.689,"Class4",41,"Q",36.764
102.645,31.394,0.194,"S",87.643,41,70.471,35.267,98.997,"Class2",49,"F",70.291
69.094,19.789,64.73,"R",92.08,75,12.956,24.94,83.37,"Class4",40,"K",40.445
52.799,36.783,31.787,"D",19.756,63,60.278,39.936,64.138,"Class1",45,"B",65.463
NA,43.256,21.778,"B",36.119,66,58.911,56.43,66.32,"Class1",46,"O",66.347
60.187,37.081,1.278,"J",89.247,70,87.644,38.951,98.151,"Class2",46,"T",70.327
53.262,49.315,44.484,"Y",90.437,36,13.925,26.229,84.796,"Class4",40,"O",34.517
53.757,28.672,70.656,"K",87.766,25,17.266,25.641,82.257,"Class4",41,"M",30.454
62.404,42.701,7.659,"D",56.726,52,56.581,46.497,61.694,"Class1",46,"B",73.518
11.115,87.758,53.335,"Y",40.619,52,39.871,55.876,76.039,"Class3",63,"J",13.913
23.101,86.365,46.602,"T",38.197,51,40.518,49.006,53.652,"Class3",60,"L",3.589
62.683,28.507,9.298,"B",79.713,67,27.004,46.334,55.952,"Class1",46,"Q",66.187
-9.419,86.131,53.746,"Y",54.131,39,40.793,58.438,76.113,"Class3",69,"K",10.532
52.816,53.421,46.031,"Y",87.759,59,26.957,40.212,83.379,"Class4",40,"K",35.016
45.081,49.204,30.858,"R",88.973,75,9.654,35.955,82.481,"Class4",40,"M",36.154
47.886,33.405,61.667,"R",88.706,29,7.735,28.818,82.816,"Class4",40,"Q",36.137
52.951,24.108,0.102,"S",89.142,54,56.548,32.667,98.531,"Class2",41,"T",65.02
55.078,38.594,64.967,"K",87.701,36,31.181,23.584,83.379,"Class4",40,"Q",34.303
39.089,31.561,47.601,"P",83.462,75,36.878,25.474,82.762,"Class4",41,"M",29.462
49.683,46.166,66.497,"Q",87.896,38,53.803,46.279,83.999,"Class4",41,"K",40.75
90.09,28.416,2.26,"E",86.036,58,82.504,44.068,97.48,"Class2",56,"T",54.954
34.376,87.665,45.282,"Q",60.526,44,40.443,63.967,27.622,"Class3",62,"J",8.195
18.971,85.434,41.665,"Q",28.682,44,39.157,58.179,73.633,"Class3",69,"L",8.824
49.952,53.614,60.795,"P",88.911,24,35.025,29.614,83.788,"Class4",41,"Q",28.314
57.785,39.81,1.012,"S",86.616,51,72.184,40.449,97.314,"Class2",57,"F",69.158
61.024,46.609,1.546,"S",82.576,66,77.877,28.289,98.009,"Class2",59,"H",60.279
61.261,33.877,58.723,"Q",84.425,76,45.859,27.994,83.984,"Class4",40,"M",32.837
60.538,29.172,10.114,"H",47.664,58,58.162,46.874,61.87,"Class1",46,"J",70.443
44.653,54.237,47.678,"Q",92.664,22,46.408,27.238,83.073,"Class4",41,"I",36.549
48.392,22.821,50.843,"K",88.821,74,48.916,35.872,82.102,"Class4",40,"M",35.273
50.945,12.705,0.98,"E",90.555,60,67.157,40.731,97.278,"Class2",62,"F",71.293
8.393,88.998,52.96,"M",58.336,49,40.047,49.794,54.331,"Class3",67,"V",4.108
15.959,89.698,50.587,"M",52.875,50,40.91,60.602,68.929,"Class3",64,"L",20.028
55.852,47.002,37.528,"R",92.122,38,50.163,27.683,84.812,"Class4",41,"K",34.633
44.575,33.856,70.182,"R",90.782,64,8.691,27.017,83.336,"Class4",40,"O",29.452
61.169,40.361,21.555,"Z",67.378,63,43.5,43.692,55.949,"Class1",42,"S",65.882
55.736,29.615,66.374,"Q",92.852,64,23.546,NA,83.983,"Class4",40,"I",28.579
19.729,9.945,0.598,"E",91.322,49,69.326,39.394,98.738,"Class2",53,"H",61.803
63.013,35.29,2.197,"S",83.115,38,57.597,31.157,98.28,"Class2",54,"F",63.513
48.137,41.397,25.652,"B",41.489,67,57.212,46.844,65.076,"Class1",45,"Q",74.789
NA,88.108,45.019,"Y",36.975,49,39.007,59.227,52.466,"Class3",67,"V",20.032
69.225,41.007,0.882,"S",82.834,67,91.791,NA,97.493,"Class2",49,"H",62.26
47.848,51,64.75,"Y",86.574,74,18.154,34.177,84.723,"Class4",41,"I",40.626
18.773,87.483,45.928,"K",51.636,39,40.651,52.911,56.355,"Class3",69,"V",17.01
50.43,16.82,114.236,"Y",90.356,21,19.803,28.332,82.138,"Class4",41,"M",33.98
52.906,28.358,0.073,"E",84.878,46,84.08,40.395,98.264,"Class2",40,"N",71.559
NA,21.217,62.577,"K",88.189,38,51.694,28.013,82.793,"Class4",40,"K",29.467
57.266,45.494,26.265,"H",44.321,62,47.93,43.372,68.538,"Class1",46,"O",68.356
16.806,85.635,48.258,"Y",37.205,42,41.821,60.177,68.55,"Class3",67,"L",17.596
58.38,22.665,0.656,"S",82.06,44,61.656,34.33,97.163,"Class2",66,"H",59.958
61.141,36.862,25.093,"B",56.342,68,12.39,48.636,59.835,"Class1",42,"J",71.604
52.774,34.199,8.368,"O",38.257,53,33.506,50.431,57.035,"Class1",44,"J",71.994
28.543,88.639,43.242,"T",50.576,49,41.816,56.888,41.027,"Class3",60,"J",4.125
38.287,21.063,63.47,"Q",87.712,69,19.843,32.12,84.587,"Class4",40,"M",29.897
49.652,21.064,75.148,"P",86.256,29,37.265,26.164,84.313,"Class4",40,"I",30.103
39.262,16.875,1.656,"S",81.563,51,61.89,34.553,98.736,"Class2",48,"T",67.864
12.732,87.677,46.337,"Q",37.147,49,41.304,54.126,52.969,"Class3",63,"V",8.474
24.132,85.246,52.156,"K",47.535,39,39.9,59.135,50.06,"Class3",61,"L",16.467
NA,35.053,14.896,"O",66.778,65,28.634,41.966,57.112,"Class1",43,"Q",68.522
15.237,85.751,46.236,"Q",70.811,43,41.337,48.691,26.94,"Class3",60,"J",2.221
15.245,90.062,44.32,"Q",20.638,47,39.44,51.781,59.746,"Class3",66,"B",1.002
71.927,26.651,9.315,"D",53.705,57,40.313,46.972,63.888,"Class1",42,"J",70.251
63.754,47.288,1.839,"O",94.158,77,87.704,26.832,97.834,"Class2",41,"R",61.84
NA,35.321,16.094,"D",20.581,58,52.219,52.109,57.017,"Class1",45,"Q",74.356
61.543,34.401,55.316,"Q",85.5,67,49.291,30.272,83.422,"Class4",40,"K",39.232
57.749,46.442,80.334,"K",84.415,66,17.328,26.429,82.386,"Class4",40,"M",37.183
55.859,15.756,1.418,"O",83.321,66,73.592,30.7,97.309,"Class2",40,"H",71.604
47.142,33.982,43.765,"P",91.912,68,22.138,36.156,84.006,"Class4",40,"M",30.993
59.869,41.76,11.242,"H",48.314,59,32.205,46.193,56.913,"Class1",43,"O",71.139
NA,88.665,45.131,"K",38.536,42,40.295,58.696,50.992,"Class3",68,"K",18.553
78.576,23.489,1.438,"T",92.067,46,56.411,37.477,97.131,"Class2",56,"T",68.704
61.279,27.141,57.182,"Q",88.586,44,22.758,NA,83.097,"Class4",40,"I",34.165
29.706,87.895,49.268,"Q",48.683,38,40.976,49.317,41.278,"Class3",68,"B",7.927
33.558,87.749,52.296,"Y",54.618,40,41.015,64.672,37.372,"Class3",69,"J",22.081
41.827,54.057,64.724,"Y",83.128,63,19.245,37.377,83.15,"Class4",41,"O",35.397
52.114,34.093,16.711,"D",54.97,61,35.025,49.633,59.479,"Class1",44,"O",71.583
17.398,86.676,44.136,"K",58.832,37,39.829,61.107,70.313,"Class3",68,"K",23.881
57.392,30.498,20.201,"O",62.624,51,21.581,48.835,52.62,"Class1",44,"S",68.006
55.633,50.814,65.06,"R",90.582,28,42.326,31.958,83.971,"Class4",41,"Q",28.904
18.993,86.873,46.617,"T",23.024,46,41.746,47.929,41.586,"Class3",61,"L",2.304
58.301,28.468,17.474,"O",44.883,56,56.489,46.763,64.251,"Class1",43,"S",68.296
91.803,41.03,0.785,"E",78.622,51,77.386,33.968,97.005,"Class2",63,"F",71.25
NA,40.828,64.621,"Y",84.419,72,15.97,44.412,84.415,"Class4",40,"K",39.341
60.976,36.726,7.335,"H",50.741,51,33.737,NA,66.95,"Class1",46,"S",64.929
60.469,45.674,14.395,"R",92.315,70,21.439,NA,82.017,"Class4",41,"M",38.493
61.18,26.073,7.76,"O",36.527,67,11.292,47.226,66.919,"Class1",43,"Q",67.046
84.8,41.256,1.453,"E",89.216,63,69.233,37.627,97.244,"Class2",62,"R",74.659
66.854,43.965,1.047,"E",91.148,77,77.157,30.496,97.376,"Class2",51,"F",78.42
50.258,34.559,15.663,"O",48.922,71,24.437,48.982,65.802,"Class1",44,"O",67.59
52.348,38.255,17.401,"O",49.32,67,23.375,43.15,67.111,"Class1",43,"O",68.33
NA,90.318,56.296,"Y",72.528,39,40.001,64.22,30.351,"Class3",69,"V",21.161
56.956,33.091,48.298,"P",86.781,66,27.127,22.411,84.671,"Class4",41,"I",33.202
10.229,88.962,48.629,"T",41.451,44,39.921,62.074,23.142,"Class3",63,"K",10.015
NA,88.965,53.334,"M",51.237,45,41.298,67.237,54.78,"Class3",62,"L",21.774
62.919,33.176,1.998,"E",92.306,72,58.723,NA,97.297,"Class2",43,"F",72.542
96.598,18.669,0.336,"S",84.875,41,73.946,30.838,97.009,"Class2",40,"R",54.831
95.491,9.255,0.449,"E",81.729,58,81.255,NA,97.678,"Class2",46,"N",55.834
18.938,90.166,52.848,"Q",44.223,37,39.724,50.838,70.761,"Class3",62,"K",1.419
35.414,89.939,47.419,"T",62.528,43,39.13,57.015,30.689,"Class3",63,"J",14.301
16.37,86.326,49.315,"K",32.722,49,40.159,47.261,42.409,"Class3",63,"V",10.01
64.757,52.932,61.565,"R",88.633,29,21.507,34.944,83.75,"Class4",40,"I",33.149
67.816,30.858,32.19,"D",49.682,52,51.603,49.114,54.28,"Class1",45,"Q",66.35
58.232,31.18,6.574,"Z",72.745,56,13.423,NA,52.512,"Class1",45,"B",75.775
37.371,85.439,49.507,"K",44.248,39,41.343,51.699,63.301,"Class3",69,"L",3.937
31.566,89.093,47.739,"Q",50.041,50,40.957,54.608,68.962,"Class3",69,"L",22.058
67.85,40.203,82.235,"Y",86.706,64,28.832,42.268,82.706,"Class4",40,"O",36.027
48.301,29.976,16.5,"H",50.871,69,49.102,52.316,57.93,"Class1",45,"Q",73.982
72.333,44.886,1.357,"T",86.917,74,71.557,35.768,97.707,"Class2",35,"T",68.384
56.783,29.761,13.183,"B",34.881,65,12.802,53.175,63.565,"Class1",46,"Q",66.152
63.253,44.811,27.113,"H",63.033,55,60.978,44.392,62.21,"Class1",43,"Q",72.215
24.59,87.706,46.796,"Q",40.818,37,40.325,51.773,33.435,"Class3",67,"J",3.517
82.268,44.358,1.849,"T",82.771,39,91.07,39.748,98.451,"Class2",40,"N",72.964
67.927,47.537,0.923,"T",89.515,52,69.147,34.817,98.706,"Class2",40,"R",69.651
59.084,51.634,57.663,"R",88.355,24,39.703,22.286,82.539,"Class4",41,"Q",34.121
55.535,43.575,6.518,"Z",75.597,67,8.208,46.524,63.857,"Class1",43,"S",70.9
23.311,89.852,44.211,"Q",58.585,51,39.979,50.746,23.979,"Class3",60,"L",19.378
48.197,19.166,65.838,"Q",87.551,60,25.932,24.605,82.659,"Class4",40,"I",31.55
24.057,89.365,51.565,"Y",35.968,40,39.217,54.971,22.005,"Class3",68,"J",14.235
9.61,89.296,45.793,"Y",52.886,44,40.779,57.503,23.153,"Class3",69,"J",5.558
56.797,40.428,12.766,"Z",79.77,57,59.796,40.573,54.289,"Class1",42,"Q",64.922
21.447,85.812,47.541,"M",53.252,41,40.936,NA,70.118,"Class3",69,"L",9.007
51.029,27.468,6.61,"D",71.85,65,18.146,48.546,67.636,"Class1",43,"O",65.723
73.477,18.31,1.067,"J",80.66,59,66.272,36.416,97.413,"Class2",37,"N",68.79
15.393,88.246,37.388,"Y",62.921,42,40.995,55.144,50.65,"Class3",62,"B",17.336
86.659,33.191,1.114,"T",87.451,53,61.785,24.883,97.51,"Class2",67,"T",67.063
19.293,86.427,41.425,"K",52.807,47,41.114,67.705,62.58,"Class3",62,"J",10.41
43.98,54.367,80.337,"K",88.46,63,44.233,31.764,82.145,"Class4",41,"K",30.433
11.639,86.907,43.643,"Y",38.844,51,41.257,NA,20.569,"Class3",60,"B",23.227
18.969,89.716,45.932,"T",45.422,52,39.653,59.567,49.645,"Class3",65,"K",23.703
60.481,40.739,2.114,"J",88.16,41,70.107,32.875,98.772,"Class2",61,"F",76.829
17.264,87.674,48.364,"Y",25.387,37,39.509,49.25,58.914,"Class3",68,"B",7.28
48.856,35.847,19.416,"H",37.37,67,27.895,50.855,54.845,"Class1",44,"Q",73.501
68.47,15.139,1.567,"O",89.596,43,58.2,27.926,98.839,"Class2",67,"T",68.751
24.721,85.114,46.736,"K",39.488,38,41.893,NA,45.778,"Class3",69,"K",7.665
NA,11.528,0.635,"J",85.311,42,66.782,33.041,98.022,"Class2",62,"H",59.706
60.507,10.393,-1.491,"T",81.755,60,58.047,NA,97.504,"Class2",46,"H",63.034
56.26,47.908,0.924,"J",83.542,61,58.529,35.132,98.56,"Class2",61,"F",71.127
59.319,25.506,11.497,"Z",10.929,50,26.573,43.058,68.931,"Class1",46,"Q",65.42
73.234,17.811,1.356,"E",87.237,51,87.223,35.848,98.029,"Class2",39,"H",66.822
67.377,9.541,0.9,"S",81.942,40,50.852,37.417,98.441,"Class2",34,"H",65.737
28.827,85.929,37.955,"Y",37.389,46,41.65,57.621,29.001,"Class3",68,"B",20.243
63.6,42.265,3.901,"O",67.087,57,45.499,45.326,68.602,"Class1",45,"S",69.018
69.579,15.117,2.264,"T",85.023,49,89.87,29.736,97.316,"Class2",67,"R",76.514
69.494,28.637,-0.738,"T",89.98,55,88.438,43.865,97.84,"Class2",48,"R",68.752
26.482,90.928,52.79,"Y",40.132,39,41.112,52.797,25.405,"Class3",67,"J",7.52
48.41,39.105,29.487,"B",66.438,59,17.275,44.434,52.165,"Class1",42,"O",66.134
55.411,43.016,47.57,"Y",87.794,19,23.455,22.235,83.099,"Class4",41,"M",34.494
72.54,16.824,-0.536,"T",87.066,75,86.382,26.648,98.484,"Class2",62,"N",74.115
83.86,17.086,68.326,"Q",81.829,57,7.798,35.764,83.357,"Class4",41,"K",36.599
111.677,47.676,2.197,"E",88.679,58,90.594,45.077,97.233,"Class2",58,"F",67.88
18.949,85.423,40.382,"Q",45.599,45,40.687,54.972,55.531,"Class3",66,"J",15.978
51.16,39.145,14.842,"H",31.113,59,9.902,43.331,58.633,"Class1",45,"J",66.038
102.903,46.608,1.02,"S",92.639,52,55.059,46.265,97.738,"Class2",64,"F",73.828
12.271,88.699,50.7,"Y",56.828,43,39.446,56.746,47.66,"Class3",65,"B",16.482
50.4,34.33,1.3,"S",94.391,76,61.365,39.538,97.842,"Class2",43,"R",68.838
54.175,31.462,5.456,"D",60.058,54,45.566,48.826,59.132,"Class1",44,"S",64.077
51.719,16.162,71.377,"Y",86.73,25,51.498,41.393,84.626,"Class4",41,"O",29.484
71.06,31.967,1.259,"T",86.614,43,58.975,38.216,98.207,"Class2",49,"H",57.981
113.223,9.757,0.838,"O",90.004,44,63.363,34.584,97.996,"Class2",43,"H",78.555
40.503,42.879,75.93,"R",83.657,70,52.524,36.062,82.511,"Class4",41,"K",28.085
63.257,23.496,0.552,"J",83.903,58,81.838,36.682,97.611,"Class2",60,"N",60.151
66.173,41.66,14.595,"D",39.961,55,48.205,44.896,63.685,"Class1",44,"Q",69.469
24.671,85.409,46.777,"T",41.434,50,39.799,55.422,23.552,"Class3",68,"J",10.649
16.375,90.899,43.515,"M",66.542,39,40.76,51.288,41.973,"Class3",67,"B",21.955
23.081,85.133,44.857,"M",38.818,50,41.512,57.643,34.819,"Class3",61,"K",14.471
47,41.848,17.876,"D",75.467,62,14.245,41.287,66.378,"Class1",42,"S",70.119
44.079,55.139,64.993,"P",88.819,38,10.382,18.737,84.013,"Class4",40,"O",37.248
49.767,28.888,14.602,"B",61.255,61,57.43,44.803,61.485,"Class1",46,"S",74.401
21.549,89.947,44.911,"T",38.406,48,40.396,62.622,52.07,"Class3",66,"B",10.14
22.348,85.963,43.692,"K",47.355,41,40.425,55.852,70.154,"Class3",61,"K",13.342
53.278,18.112,-0.031,"S",91.463,73,66.521,26.506,98.169,"Class2",40,"F",78.596
50.401,28.123,78.283,"P",82.135,77,43.163,34.148,82.717,"Class4",41,"O",39.289
54.793,30.346,-0.119,"J",83.753,58,84.338,37.669,97.827,"Class2",61,"F",72.903
67.599,19.1,0.821,"J",87.161,65,83.15,21.417,97.319,"Class2",52,"T",72.102
45.785,20.283,33.203,"Y",82.481,74,21.847,27.724,84.016,"Class4",41,"Q",40.739
60.634,43.181,7.227,"B",58.699,56,28.93,42.223,53.472,"Class1",43,"B",72.666
40.17,26.273,74.042,"K",92.477,57,21.447,26.305,83.133,"Class4",40,"K",34.218
42.862,41.441,28.485,"K",84.561,23,48.096,33.523,83.137,"Class4",41,"M",30.451
14.631,89.336,48.218,"T",58.306,42,41.496,61.811,42.948,"Class3",66,"B",18.766
63.005,45.296,1.34,"E",89.562,51,83.689,NA,97.285,"Class2",43,"F",64.073
53.124,42.613,16.675,"D",47.622,62,48.39,50.301,57.15,"Class1",43,"Q",65.501
41.954,15.931,55.595,"P",88.753,62,50.96,24.925,84.215,"Class4",40,"O",35.875
54.047,52.548,67.027,"R",94.656,43,27.642,NA,83.853,"Class4",40,"I",38.245
33.43,87.21,43.163,"Y",44.55,40,39.209,NA,54.364,"Class3",65,"K",12.681
63.785,41.811,30.484,"D",54.935,70,39.732,46.969,55.853,"Class1",43,"S",71.162
52.869,33.901,59.207,"Y",81.897,50,33.484,43.252,84.374,"Class4",41,"K",30.401
50.168,24.085,44.569,"Q",88.808,52,51.743,19.06,82.376,"Class4",41,"I",28.563
29.905,86.848,42.594,"T",30.774,44,40.92,54.048,31.859,"Class3",67,"J",21.808
14.635,89.941,45.258,"Q",40.98,37,41.865,59.587,53.834,"Class3",67,"J",15.507
47.507,21.291,0.39,"E",90.794,75,84.6,32.691,98.483,"Class2",35,"R",79.761
65.659,39.505,0.76,"S",85.485,76,84.046,29.087,98.783,"Class2",61,"T",63.504
52.402,32.922,1.081,"S",83.977,59,68.662,31.27,97.449,"Class2",53,"R",55.153
33.411,26.582,49.253,"Y",94.134,74,40.865,29.798,83.22,"Class4",40,"M",37.832
17.159,85.561,46.278,"T",39.151,49,41.21,53.282,28.819,"Class3",64,"K",8.035
32.765,55.377,68.448,"Q",84.915,61,37.574,32.507,83.311,"Class4",40,"Q",31.803
85.529,20.622,1.229,"T",91.322,77,55.162,35.643,97.984,"Class2",59,"R",60.09
56.155,32.259,12.132,"Z",31.858,65,19.191,42.466,57.028,"Class1",45,"Q",66.002
48.685,14.668,2.011,"J",95.001,71,86.554,31.694,98.811,"Class2",54,"T",77.391
90.665,9.836,1.22,"E",85.385,41,90.951,29.604,97.103,"Class2",34,"R",62.849
64.682,42.449,1.084,"J",89.566,43,81.651,36.035,97.599,"Class2",39,"H",76.985
20.748,85.26,46.143,"Q",54.907,46,39.098,53.927,26.77,"Class3",65,"K",1.756
49.043,21.996,0.885,"J",81.612,49,84.3,20.407,98.836,"Class2",43,"F",73.968
72.979,13.099,0.481,"T",80.5,38,56.746,36.085,97.665,"Class2",36,"T",70.431
58.518,42.479,6.684,"D",26.885,52,38.095,47.71,68.113,"Class1",42,"J",74.106
46.291,54.635,80.683,"Y",87.431,69,7.263,27.817,83.535,"Class4",41,"O",37.333
82.725,39.137,1.284,"E",80.663,41,64.32,34.577,97.824,"Class2",34,"H",69.098
45.14,45.523,0.755,"J",92.674,39,64.336,40.073,97.972,"Class2",51,"F",59.97
16.338,88.564,47.303,"M",63.169,43,41.28,62.258,24.551,"Class3",63,"L",8.82
15.132,88.454,44.095,"T",13.889,45,39.491,51.303,39.086,"Class3",62,"K",12.425
19.639,86.822,50.428,"Y",34.459,42,40.142,56.703,25.271,"Class3",69,"B",1.961
66.186,53.387,60.075,"R",84.31,37,36.103,NA,83.839,"Class4",40,"M",36.08
56.899,54.19,40.241,"P",89.05,22,51.014,45.137,82.844,"Class4",40,"Q",37.821
60.99,57.585,43.703,"Q",87.956,41,44.217,31.805,84.264,"Class4",40,"K",35.632
60.879,39.299,20.91,"B",50.565,67,38.27,47.748,68.682,"Class1",43,"Q",75.456
60.394,45.507,26.051,"Z",44.776,65,42.507,51.261,62.952,"Class1",44,"Q",70.335
25.466,85.572,38.081,"K",51.929,46,39.965,41.603,63.735,"Class3",68,"V",9.047
60.786,35.837,2.373,"Z",24.112,69,31.355,49.091,58.245,"Class1",42,"Q",73.179
NA,38.875,21.593,"D",30.563,67,55.323,41.759,52.263,"Class1",42,"Q",72.975
55.659,36.455,0.32,"T",88.816,64,89.744,28.023,98.047,"Class2",45,"H",61.289
14.163,89.315,51.973,"Y",61.341,47,40.75,64.825,51.628,"Class3",60,"L",15.622
50.715,56.574,58.11,"Q",90.444,75,23.052,34.676,83.061,"Class4",40,"Q",34.608
49.914,35.222,11.538,"B",38.592,51,37.901,46.698,68.161,"Class1",46,"J",65.122
61.477,41.393,1.052,"T",83.473,37,80.694,29.96,97.331,"Class2",36,"H",74.623
48.787,39.46,26.715,"O",55.118,65,26.652,44.329,62.584,"Class1",44,"B",73.896
54.418,27.76,25.396,"D",44.575,64,28.593,46.139,56.499,"Class1",43,"S",65.02
57.226,46.739,61.431,"R",89.535,76,32.265,19.173,84.828,"Class4",40,"O",35.468
46.352,53.858,71.795,"Q",91.036,29,26.69,31.517,83.469,"Class4",41,"I",36.982
45.347,26.923,80.297,"K",87.52,63,21.487,38.938,82.15,"Class4",41,"Q",36.611
42.446,52.291,42.858,"R",91.275,68,26.569,38.819,84.616,"Class4",40,"I",31.527
82.374,13.051,1.277,"T",81.686,42,76.1,23.062,98.151,"Class2",42,"T",68.762
83.145,12.283,1.151,"E",89.643,43,55.593,34.162,98.153,"Class2",41,"R",64.569
58.297,30.721,19.239,"B",47.487,57,51.9,39.846,62.669,"Class1",42,"B",74.967
66.619,26.71,13.182,"B",45.668,58,33.048,NA,53.19,"Class1",42,"B",65.461
64.557,30.452,26.018,"B",40.468,71,10.826,46.008,56.316,"Class1",46,"J",75.861
68.079,37.032,18.815,"Z",39.711,65,26.095,50.29,55.158,"Class1",42,"O",66.935
58.532,26.541,0.755,"J",84.415,69,70.668,35.35,98.795,"Class2",65,"R",59.648
52.807,30.103,1.224,"J",84.513,72,88.68,34.913,97.647,"Class2",43,"H",76.293
12.568,90.065,37.612,"K",45.043,48,39.959,65.067,32.063,"Class3",65,"L",10.826
38.436,16.19,57.227,"Q",85.503,67,30.978,44.56,82.65,"Class4",40,"K",37.056
47.409,41.4,76.929,"Q",84.092,66,44.671,46.704,83.13,"Class4",41,"K",39.153
62.826,56.422,80.565,"Y",88.605,37,40.452,29.369,84.703,"Class4",40,"M",28.758
58.602,36.628,29.058,"D",59.715,62,29.992,42.42,57.263,"Class1",44,"J",75.187
58.696,33.137,13.081,"D",12.58,71,14.193,46.508,56.715,"Class1",42,"S",75.816
50.834,28.953,89.859,"P",87.606,68,25.246,34.589,82.364,"Class4",41,"M",40.233
13.417,85.266,48.707,"Q",39.331,46,40.54,62.647,21.141,"Class3",62,"J",5.715
46.384,31.726,74.108,"Q",91.9,40,28.034,16.502,82.979,"Class4",41,"K",34.809
81.105,20.426,0.695,"S",84.24,36,90.165,26.997,97.888,"Class2",39,"N",59.245
73.991,19.8,0.209,"O",86.631,69,49.068,42.334,98.107,"Class2",64,"R",68.146
79.998,10.388,0.342,"S",88.716,61,87.033,21.584,98.976,"Class2",37,"H",64.721
73.108,14.467,1.213,"O",87.53,42,61.767,29.167,97.341,"Class2",65,"F",62.805
45.842,51.643,66.808,"Q",86.819,42,27.09,33.496,84.281,"Class4",41,"M",29.515
57.689,45.88,10.028,"D",75.089,63,34.592,45.134,52.474,"Class1",42,"B",67.171
18.686,85.953,55.27,"M",39.64,46,39.407,53.539,78.548,"Class3",68,"K",4.176
66.569,25.22,18.808,"H",37.377,66,55.244,50.869,53.606,"Class1",43,"O",72.156
49.099,29.653,1.266,"J",90.807,45,59.062,27.06,98.327,"Class2",50,"F",58.802
49.797,48.979,44.052,"R",90.132,34,42.629,NA,82.611,"Class4",40,"K",37.064
49.735,47.364,52.157,"Y",88.417,24,42.462,41.815,82.036,"Class4",40,"M",40.287
NA,53.334,40.663,"Q",77.888,68,26.785,NA,83.448,"Class4",40,"I",28.408
47.772,33.894,62.62,"K",86.903,63,32.218,28.096,84.918,"Class4",40,"M",34.092
14.908,88.805,47.007,"Q",41.055,46,40.584,60.197,32.132,"Class3",64,"B",21.984
23.588,87.485,46.069,"Q",39.711,51,40.084,46.888,36.107,"Class3",66,"K",23.727
66.042,41.054,18.41,"B",44.717,58,9.622,51.218,67.098,"Class1",43,"S",67.875
28.216,87.014,51.599,"K",39.881,37,40.784,63.765,35.557,"Class3",63,"K",3.311
66.137,10.006,0.816,"S",89.525,75,76.95,49.46,97.01,"Class2",67,"N",58.575
42.32,38.212,1.228,"O",88.151,48,75.849,38.357,97.916,"Class2",37,"R",55.749
29.436,87.187,45.119,"Y",46.545,38,41.875,48.297,63.126,"Class3",61,"B",18.197
92.646,27.255,1.058,"O",82.431,51,90.024,28.042,98.585,"Class2",66,"T",73.241
38.677,26.151,1.983,"S",84.795,36,69.679,35.513,98.146,"Class2",38,"T",65.258
50.553,51.544,66.998,"K",84.1,63,29.028,29.723,82.497,"Class4",41,"I",36.497
21.269,86.186,52.726,"M",59.318,38,41.978,43.116,55.08,"Class3",69,"V",10.301
50.222,33.544,54.976,"Y",89.616,72,32.24,17.029,84.141,"Class4",40,"O",31.489
51.314,31.125,18.235,"O",60.477,70,18.248,46.261,60.216,"Class1",44,"B",75.909
68.443,24.444,0.68,"T",83.711,68,78.691,27.736,97.225,"Class2",51,"H",56.975
20.435,88.387,39.441,"K",37.52,52,40.696,57.296,66.316,"Class3",62,"V",21.226
NA,31.02,0.856,"J",84.192,74,88.327,30.908,97.271,"Class2",62,"T",67.14
64.233,37.839,13.51,"H",57.666,56,56.254,43.411,52.402,"Class1",44,"O",75.239
107.177,34.563,-0.66,"O",86.831,72,90.667,38.327,98.012,"Class2",60,"T",69.759
56.118,29.875,93.563,"P",88.682,55,43.797,27.182,83.01,"Class4",40,"O",28.784
NA,90.867,45.712,"M",48.675,42,40.706,NA,49.528,"Class3",63,"V",7.085
41.635,54.89,86.135,"Y",87.943,38,17.965,40.895,82.735,"Class4",41,"O",38.183
54.664,40.967,14.2,"D",54.313,61,43.53,54.622,66.264,"Class1",43,"B",71.648
55.286,39.341,15.907,"O",39.689,71,28.309,47.749,53.963,"Class1",45,"J",65.738
50.83,42.279,1.445,"S",95.253,40,58.15,40.907,97.291,"Class2",62,"F",67.112
42.671,27.047,25.496,"Z",64.098,65,42.441,52.267,55.973,"Class1",45,"Q",66.559
16.382,86.78,45.922,"Y",53.887,51,41.854,53.399,25.148,"Class3",65,"V",11.655
59.211,42.624,16.935,"H",59.438,51,56.297,40.153,59.671,"Class1",46,"B",74.576
27.852,89.993,43.505,"T",40.185,44,41.219,52.835,50.408,"Class3",64,"V",16.143
51.422,54.62,48.988,"Y",87.73,68,13.133,21.62,82.086,"Class4",40,"K",33.223
83.834,36.26,0.009,"T",80.232,37,62.396,NA,98.034,"Class2",56,"N",57.789
44.782,20.255,1.414,"S",84.817,52,50.999,34.926,98.13,"Class2",55,"H",77.025
NA,39.144,0.371,"E",78.698,66,56.207,22.925,98.487,"Class2",38,"T",67.109
51.727,44.725,0.846,"J",86.668,72,58.452,38.038,98.278,"Class2",58,"N",64.777
62.929,32.377,28.256,"D",45.385,69,54.54,44.159,52.053,"Class1",43,"B",74.885
54.712,56.7,56.73,"Q",84.987,51,8.998,32.533,83.049,"Class4",41,"Q",35.455
NA,38.838,25.837,"Z",49.735,51,25.911,47.324,56.072,"Class1",43,"B",74.08
74.811,31.425,10.12,"B",39.633,60,61.203,53.197,67.428,"Class1",44,"Q",69.023
21.134,85.62,44.273,"Y",30.999,42,40.768,63.093,27.008,"Class3",60,"J",9.047
92.735,18.586,0.728,"E",85.172,66,67.3,38.233,97.638,"Class2",63,"F",64.088
67.712,29.319,14.302,"O",46.512,54,24.372,NA,53.846,"Class1",46,"S",69.991
30.255,88.85,49.876,"T",51.008,48,39.563,58.481,30.819,"Class3",65,"V",5.751
53.049,33.814,11.213,"B",64.268,65,59.083,44.909,56.891,"Class1",45,"O",68.011
43.91,40.486,14.303,"Z",24.9,57,30.881,51.306,62.845,"Class1",43,"S",70.731
56.416,25.713,10.138,"Z",22.197,57,53.235,47.675,55.538,"Class1",43,"O",70.222
49.273,39.396,56.154,"R",83.7,26,11.726,NA,83.958,"Class4",41,"M",40.959
54.487,27.576,92.204,"P",88.678,46,15.802,35.044,82.046,"Class4",40,"I",40.448
32.874,42.339,1.333,"T",82.172,56,55.666,41.53,98.005,"Class2",67,"F",66.131
66.14,43.105,26.933,"Z",39.776,56,55.486,48.348,64.481,"Class1",42,"S",71.243
63.197,44.095,0.193,"E",91.511,46,63.601,39.9,97.759,"Class2",65,"T",72.432
71.967,51.659,65.24,"P",86.026,36,33.824,35.586,82.958,"Class4",41,"K",31.255
46.834,16.905,52.59,"P",89.94,66,14.495,18.983,84.8,"Class4",41,"M",35.619
38.028,87.237,43.809,"Q",64.613,49,39.084,45.129,25.095,"Class3",68,"L",9.286
11.888,88.151,37.261,"K",42.224,42,39.885,61.612,22.161,"Class3",60,"J",8.385
55.734,16.894,72.809,"R",94.621,35,28.558,34.083,84.645,"Class4",41,"O",35.185
27.104,41.883,1.338,"E",90.277,46,85.982,39.747,97.385,"Class2",55,"F",76.033
43.858,45.683,0.94,"J",83.258,58,91.58,31.392,97.031,"Class2",66,"N",67.813
9.797,87.606,39.573,"M",38.685,48,40.539,55.725,38.414,"Class3",68,"B",21.03
89.599,38.282,0.853,"O",82.177,36,91.074,39.034,98.099,"Class2",60,"T",77.988
22.072,87.221,47.048,"T",35.937,40,40.604,56.499,71.904,"Class3",66,"K",19.594
52.422,17.198,1.203,"E",86.685,68,79.078,NA,97.814,"Class2",43,"H",62.559
24.685,88.221,42.339,"K",38.937,52,39.877,54.355,52.52,"Class3",67,"K",15.86
99.565,34.151,0.685,"J",84.095,51,83.51,34.678,98.206,"Class2",61,"N",63.675
53.438,15.204,76.947,"Q",91.247,40,25.103,48.608,84.54,"Class4",41,"K",36.21
53.064,21.955,33.915,"P",88.39,48,17.385,34.186,82.644,"Class4",41,"M",32.887
20.055,90.474,40.33,"Y",43.7,40,39.587,45.882,38.147,"Class3",68,"J",19.206
66.574,38.306,50.634,"Q",89.563,70,9.189,33.499,82.21,"Class4",41,"Q",38.699
49.464,36.124,60.081,"P",88.895,24,36.616,37.024,82.117,"Class4",41,"Q",38.055
62.261,42.614,27.137,"B",59.474,64,52.909,46.66,64.793,"Class1",46,"O",68.456
81.929,21.211,1.885,"S",78.127,69,78.147,22.089,98.926,"Class2",41,"N",74.019
57.445,50.495,62.345,"K",86.39,40,33.705,28.685,84.708,"Class4",41,"M",33.073
72.025,27.693,1.132,"E",90.669,63,73.956,NA,98.154,"Class2",59,"F",74.82
3.399,89.691,49.231,"K",39.151,41,39.607,54.568,47.164,"Class3",62,"K",15.447
20.37,87.687,53.559,"Q",53.084,50,40.869,54.531,48.023,"Class3",65,"J",18.092
56.191,38.843,23.988,"Z",31.622,59,26.646,43.989,55.847,"Class1",46,"S",71.945
24.433,86.578,51.722,"T",57.146,47,40.684,46.296,27.67,"Class3",63,"K",14.242
58.749,25.635,24.48,"B",53.504,72,50.24,45.542,57.622,"Class1",45,"J",75.739
26.709,87.756,41.227,"T",33.337,50,40.722,58.945,55.141,"Class3",61,"V",15.237
71.261,23.357,0.925,"O",88.51,49,62.595,43.297,98.624,"Class2",34,"H",62.081
57.324,43.701,12.858,"B",56.423,53,60.065,51.426,61.769,"Class1",45,"S",73.318
17.529,86.591,51.987,"Q",31.386,46,39.481,60.875,69.658,"Class3",67,"K",13.171
67.018,45.395,14.441,"O",47.542,52,30.461,49.802,64.489,"Class1",44,"B",69.221
NA,46.043,1.169,"T",88.335,50,60.441,36.864,98.042,"Class2",43,"F",64.738
60.131,22.625,69.473,"P",86.889,22,42.089,30.565,83.929,"Class4",41,"M",35.145
49.145,28.758,64.465,"P",87.783,65,50.644,35.917,82.255,"Class4",40,"O",31.567
31.815,88.02,46.821,"Q",28.981,40,40.272,63.898,71.079,"Class3",66,"V",19.134
55.639,51.058,72.718,"P",89.807,66,43.176,31.819,84.351,"Class4",40,"M",36.861
NA,37.448,0.671,"O",93.528,77,87.478,36.438,97.107,"Class2",53,"H",73.612
23.196,85.305,44.916,"T",40.618,39,39.517,53.459,21.476,"Class3",60,"K",9.162
52.359,35.827,16.634,"O",61.7,52,9.612,43.064,53.009,"Class1",42,"O",71.372
57.156,50.545,72.094,"P",89.798,53,39.459,27.823,82.883,"Class4",41,"I",36.946
58.865,43.636,46.271,"Q",80.018,42,46.947,27.343,83.772,"Class4",41,"K",28.953
49.044,51.588,62.399,"Y",80.396,21,36.644,25.743,83.95,"Class4",41,"Q",32.024
11.235,88.832,49.27,"Q",39.127,41,40.782,55.599,48.932,"Class3",64,"V",12.323
61.726,30.306,33.806,"P",92.457,34,52.312,29.03,83.154,"Class4",40,"Q",31.242
42.188,22.275,44.242,"P",86.09,77,27.499,37.751,84.715,"Class4",41,"K",35.427
30.74,88.062,49.112,"Q",32.428,48,40.225,59.97,29.707,"Class3",63,"V",16.323
NA,32.731,26.073,"H",24.867,55,28.969,41.806,59.737,"Class1",44,"J",69.86
58.609,29.866,68.892,"Q",91.396,70,49.167,33.879,84.715,"Class4",41,"I",28.626
68.443,46.901,77.347,"K",91.156,67,17.279,37.544,84.997,"Class4",41,"M",35.196
53.566,25.752,15.399,"H",57.056,64,60.539,48.45,65.712,"Class1",42,"J",73.074
54.397,41.725,61.953,"Y",87.861,50,41.712,24.84,82.392,"Class4",41,"I",38.668
51.856,56.09,61.173,"R",83.294,46,13.785,27.978,82.087,"Class4",40,"I",35.88
61.364,38.688,20.071,"Z",73.584,62,11.659,46.718,68.568,"Class1",42,"B",75.83
25.494,88.626,43.891,"T",43.538,44,40.556,55.279,68.248,"Class3",69,"B",5.146
29.051,35.652,1.557,"J",90.69,67,63.285,33.77,97.038,"Class2",59,"T",66.741
18.162,88.897,44.761,"M",23.28,50,39.114,NA,58.755,"Class3",64,"B",12.254
105.944,45.166,1.325,"J",88.302,65,76.297,32.813,98.715,"Class2",52,"T",79.518
61.194,13.425,2.061,"S",88.163,66,69.706,36.083,97.17,"Class2",60,"H",76.309
59.083,30.959,13.107,"O",51.18,53,60.962,50.433,62.019,"Class1",43,"O",65.107
52.92,41.06,12.487,"O",49.043,70,23.173,42.452,67.868,"Class1",44,"S",67.243
46.112,27.832,0.385,"J",92.856,78,70.936,47.737,97.573,"Class2",59,"R",67.345
27.964,88.869,49.05,"T",65.893,50,40.027,55.49,79.13,"Class3",69,"B",4.456
61.824,28.796,47.962,"R",88.725,69,24.816,29.745,82.52,"Class4",40,"O",39.469
17.245,90.384,51.507,"Q",41.909,41,41.012,66.685,44.704,"Class3",62,"K",23.319
24.009,87.331,53.671,"Y",45.268,41,39.219,62.125,78.777,"Class3",63,"B",19.044
98.956,11.456,0.441,"E",86.437,43,50.627,39.136,97.263,"Class2",43,"R",63.18
48.119,35.449,29.513,"Z",35.66,58,54.928,45.871,55.508,"Class1",44,"B",66.565
68.93,35.758,35.627,"O",56.275,63,54.884,43.592,52.778,"Class1",42,"S",73.731
66.81,27.621,1.393,"J",80.471,70,90.96,36.651,97.973,"Class2",58,"F",68.959
55.488,32.909,20.509,"H",73.658,59,35.909,47.996,67.068,"Class1",44,"S",75.211
87.928,28.723,1.215,"T",85.078,38,60.499,43.47,98.712,"Class2",36,"T",65.615
14.885,86.891,54.122,"M",48.585,48,40.471,58.713,32.896,"Class3",61,"J",16.383
70.236,26.546,1.116,"T",87.714,70,68.495,24.627,97.8,"Class2",33,"T",57.994
44.645,13.904,0.145,"O",84.84,51,84.778,25.79,98.922,"Class2",44,"R",74.174
69.571,24.412,0.046,"T",82.896,59,54.652,22.339,97.054,"Class2",59,"H",79.655
49.642,29.576,45.62,"K",89.321,54,51.026,38.744,83.065,"Class4",40,"K",28.463
57.907,16.362,1.483,"T",89.456,44,83.368,40.405,98.993,"Class2",55,"T",68.027
46.715,17.8,77.777,"P",86.881,33,12.881,NA,82.389,"Class4",41,"Q",32.717
64.296,29.637,14.096,"O",68.28,60,53.992,42.686,63.806,"Class1",43,"O",73.006
39.134,35.288,43.014,"Q",88.008,36,32.5,35.206,84.476,"Class4",40,"Q",28.35
17.915,89.416,56.578,"T",62.718,41,39.253,58.698,31.738,"Class3",67,"J",2.516
100.031,32.147,-0.021,"S",84.357,75,75.414,35.334,98.794,"Class2",51,"R",72.047
6.555,86.481,54.147,"T",59.215,39,40.345,48.83,58.979,"Class3",69,"K",15.283
96.753,27.806,-0.179,"S",87.833,58,62.806,23.719,97.525,"Class2",67,"F",74.801
63.482,31.265,12.267,"H",59.513,54,58.779,43.972,52.957,"Class1",43,"B",70.654
63.572,33.283,25.174,"Z",55.882,55,48.713,48.621,60.742,"Class1",42,"O",65.921
57.288,28.213,9.007,"O",45.728,60,16.065,NA,63.511,"Class1",44,"O",72.693
16.122,90.639,46.915,"Y",52.011,45,39.03,56.79,65.189,"Class3",60,"L",10.136
51.243,31.699,40.301,"Q",87.546,30,41.62,29.235,84.32,"Class4",40,"M",35.859
52.357,35.174,68.797,"Q",86.651,44,8.03,36.074,82.948,"Class4",41,"I",38.262
57.351,25.104,11.51,"D",49.789,58,17.552,48.678,60.025,"Class1",46,"S",72.803
NA,90.067,42.344,"M",44.385,52,39.633,48.361,57.069,"Class3",68,"J",14.528
50.408,27.212,7.014,"O",54.296,59,48.415,NA,65.136,"Class1",46,"Q",69.767
NA,28.378,19.306,"D",71.585,53,47.078,51.896,58.388,"Class1",45,"O",66.467
59.219,31.842,7.497,"D",73.693,54,60.956,43.111,65.804,"Class1",46,"S",67.118
26.77,88.937,47.081,"T",56.725,49,40.547,59.845,76.954,"Class3",61,"J",6.753
65.963,44.793,0.939,"T",86.438,59,83.025,26.037,97.11,"Class2",49,"R",63.407
56.033,39.261,19.712,"Z",68.799,58,54.358,47.502,66.608,"Class1",44,"O",68.185
56.718,46.7,38.37,"P",85.273,49,23.45,22.88,83.801,"Class4",40,"Q",37.487
56.83,36.271,66.533,"P",91.058,63,14.65,26.147,82.125,"Class4",41,"Q",35.108
6.372,88.585,42.041,"Q",49.049,43,39.841,63.462,72.472,"Class3",69,"B",14.361
22.553,87.862,51.247,"M",33.825,39,40.975,59.69,61.962,"Class3",68,"L",5.572
36.146,86.848,48.568,"Y",55.765,52,40.463,52.691,21.531,"Class3",62,"J",13.876
NA,18.544,53.947,"Q",80.324,42,53.012,42.108,84.107,"Class4",41,"O",30.114
52.445,10.987,1.148,"S",78.919,69,91.323,38.727,98.282,"Class2",56,"F",63.292
66.452,43.364,26.469,"Z",31.498,68,34.022,46.208,63.067,"Class1",42,"S",70.877
60.017,42.433,58.076,"Y",85.354,63,17.232,25.461,82.529,"Class4",40,"Q",33.815
46.405,33.033,47.305,"Q",86.539,69,33.049,21.035,83.858,"Class4",41,"I",35.732
65.94,26.943,19.429,"Z",94.45,52,13.063,49.936,52.342,"Class1",46,"J",72.462
56.904,29.728,1.164,"O",90.875,78,52.728,43.713,98.109,"Class2",65,"H",71.032
70.809,43.921,49.573,"K",86.093,22,8.683,32.912,83.456,"Class4",41,"O",30.357
57.343,38.43,15.794,"D",50.355,71,29.219,41.259,67.172,"Class1",42,"B",65.949
74.669,18.134,0.631,"S",83.099,65,66.884,30.794,97.168,"Class2",58,"R",61.498
66.542,29.307,20.458,"Z",69.325,51,59.352,42.587,54.392,"Class1",43,"B",65.423
66.865,28.809,9.69,"O",43.998,68,32.983,52.525,68.756,"Class1",43,"Q",68.466
18.446,85.418,47.343,"Y",79.88,47,39.633,NA,40.592,"Class3",62,"B",8.558
44.086,18.724,56.373,"R",90.73,41,41.616,31.177,82.414,"Class4",41,"I",30.267
59.19,52.487,28.19,"K",83.699,19,46.506,43.781,84.77,"Class4",40,"O",28.695
50.832,44.232,20.806,"O",56.534,67,40.534,46.323,67.675,"Class1",43,"Q",67.389
46.66,29.743,1.548,"J",82.445,58,76.405,39.309,97.535,"Class2",57,"F",76.046
20.345,85.152,53.906,"Q",53.755,38,39.512,NA,29.889,"Class3",65,"K",23.599
65.868,25.145,26.142,"B",47.026,69,35.862,45.126,63.669,"Class1",44,"S",71.475
63.831,45.125,12.549,"D",81.559,67,39.695,36.365,62.014,"Class1",43,"Q",69.877
10.716,86.925,42.889,"Y",71.379,37,40.681,53.207,76.461,"Class3",66,"B",7.489
91.627,33.629,1.715,"J",85.296,63,60.712,35.809,97.794,"Class2",51,"H",62.409
87.132,28.236,0.971,"O",81.221,54,58.083,34.441,97.797,"Class2",34,"R",71.181
42.023,32.165,52.609,"Q",80.77,39,44.565,33.657,84.119,"Class4",41,"M",38.822
21.573,88.528,47.944,"Q",45.379,50,39.089,59.563,20.694,"Class3",60,"L",23.381
33.999,89.907,51.06,"M",39.071,45,39.262,58.111,46.19,"Class3",66,"K",9.595
48.138,15.223,40.25,"Q",83.103,39,19.337,32.567,83.935,"Class4",40,"O",30.041
NA,27.935,72.502,"Y",83.391,43,23.86,46.927,83.889,"Class4",41,"K",40.857
24.537,90.34,39.769,"Q",49.315,48,41.178,57.251,46.484,"Class3",69,"K",5.865
27.567,89.299,46.634,"K",44.824,45,41.442,43.852,76.646,"Class3",64,"V",10.469
53.721,19.726,88.043,"Y",85.528,58,21.828,38.447,83.76,"Class4",41,"Q",36.605
58.132,26.008,18.934,"D",38.832,52,8.122,42.598,55.771,"Class1",42,"O",74.324
26.022,89.619,50.052,"K",60.369,37,39.728,54.808,27.871,"Class3",65,"B",13.502
23.706,89.26,45.369,"T",32.249,51,40.449,59.956,67.296,"Class3",68,"B",15.907
57.609,30.165,70.42,"Y",90.943,48,27.711,26.384,82.08,"Class4",41,"Q",36.479
46.71,56.728,9.064,"K",84.817,34,15.21,25.112,84.325,"Class4",41,"M",33.701
52.108,20.923,89.786,"R",83.935,64,50.978,31.995,83.928,"Class4",40,"I",38.397
49.837,29.432,33.098,"Z",47.05,72,46.251,44.188,65.758,"Class1",42,"O",74.868
31.03,25.166,0.166,"T",84.343,63,67.141,37.794,97.461,"Class2",57,"R",62.065
62.921,32.138,24.408,"K",90.557,65,26.631,28.913,82.724,"Class4",41,"O",32.62
15.299,86.945,39.799,"K",46.997,40,41.791,56.889,20.914,"Class3",62,"V",9.27
56.884,50.512,35.63,"K",85.419,34,32.606,43.367,82.298,"Class4",40,"O",38.165
56.083,20.098,67.067,"Y",85.668,71,27.756,38.004,84.697,"Class4",41,"M",34.796
74.217,26.023,1.302,"J",86.105,66,52.311,21.653,98.478,"Class2",33,"T",69.522
87.678,32.81,1.302,"S",92.389,60,83.896,30.295,97.24,"Class2",55,"F",73.858
62.263,16.51,31.636,"K",87.095,20,53.094,37.398,83.801,"Class4",40,"I",31.629
55.124,25.577,31.492,"B",29.033,58,34.418,45.803,64.511,"Class1",46,"B",68.298
51.194,44.451,6.296,"D",83.459,61,59.798,36.428,56.401,"Class1",45,"S",74.02
9.728,87.464,41.886,"Q",26.388,50,39.029,53.977,36.491,"Class3",60,"J",7.232
57.421,44.083,15.293,"H",57.522,68,36.603,48.517,56.761,"Class1",46,"B",69.932
65.468,13.477,0.63,"T",94.608,58,64.171,31.618,98.235,"Class2",55,"H",77.015
23.394,87.626,50.413,"M",53.341,43,41.074,54.762,27.395,"Class3",67,"J",19.881
33.191,37.508,1.614,"E",88.39,45,50.532,48.841,98.668,"Class2",59,"N",59.193
NA,22.405,54.255,"P",90.349,44,40.041,26.967,84.089,"Class4",41,"M",30.867
56.716,28.898,16.821,"O",69.434,50,22.223,52.641,68.23,"Class1",46,"B",70.691
NA,14.577,1.085,"E",91.218,78,65.383,25.709,98.695,"Class2",52,"R",71.352
10.857,90.756,46.103,"M",37.175,46,41.215,54.637,77.46,"Class3",64,"L",3.277
14.408,90.908,40.338,"T",65.19,37,41.167,52.249,30.128,"Class3",68,"J",1.326
55.292,41.33,24.256,"Z",38.714,61,31.485,49.639,55.788,"Class1",46,"S",75.451
56.931,29.586,12.708,"D",84.134,66,23.631,53.547,60.578,"Class1",45,"O",75.036
70.744,34.139,0.582,"T",88.198,54,59.037,27.076,97.609,"Class2",47,"H",65.33
78.007,21.173,-0.289,"O",89.483,66,68.031,30.886,97.975,"Class2",45,"R",75.245
4.514,87.156,43.926,"K",46.273,45,41.042,57.912,56.393,"Class3",68,"K",17.73
59.779,43.244,11.875,"B",23.701,66,41.884,45.649,52.805,"Class1",46,"S",67.58
56.542,40.11,18.68,"D",72.2,70,51.517,41.43,62.073,"Class1",46,"B",69.666
21.451,86.375,51.47,"T",72.58,39,41.589,58.912,44.219,"Class3",67,"B",14.963
63.26,41.902,10.561,"B",71.641,65,56.285,42.456,55.787,"Class1",45,"O",64.566
56.329,42.265,14.85,"Z",50.877,63,27.05,54.343,59.33,"Class1",43,"O",64.405
49.753,49.837,63.693,"K",87.835,73,41.922,16.859,84.555,"Class4",41,"O",32.083
45.826,16.479,2.304,"S",86.801,63,49.855,35.991,97.85,"Class2",45,"N",63.98
53.596,30.926,1.057,"E",88.399,75,74.813,31.315,97.524,"Class2",51,"N",76.415
63.796,43.591,60.214,"K",86.727,49,52.184,24.803,84.207,"Class4",40,"K",40.349
58.365,46.19,58.755,"P",93.305,50,18.013,34.245,84.05,"Class4",40,"I",38.319
52.347,30.081,1.582,"J",84.917,62,70.753,36.206,97.837,"Class2",34,"N",76.814
55.433,13.66,1.534,"J",87.932,43,78.133,NA,97.713,"Class2",57,"R",60.189
75.044,36.05,0.673,"J",92.801,69,66.729,37.527,97.432,"Class2",48,"R",56.233
NA,86.39,50.301,"M",31.966,50,41.105,64.669,35.576,"Class3",68,"J",13.351
21.499,88.83,38.69,"Q",55.469,44,41.988,56.314,31.497,"Class3",63,"B",19.257
57.956,28.062,8.579,"O",65.167,59,19.435,45.092,64.185,"Class1",46,"B",70.326
45.726,25.888,28.857,"Z",33.451,58,15.84,47.781,66.312,"Class1",44,"Q",68.228
56.296,50.304,80.36,"R",89.967,72,39.649,35.327,84.329,"Class4",41,"K",36.924
64.684,47.183,-0.243,"J",85.787,68,80.029,28.621,98.984,"Class2",49,"T",61.762
64.115,17.429,91.296,"K",85.78,72,38.222,NA,84.849,"Class4",41,"O",29.59
52.492,27.081,0.044,"O",83.57,60,50.901,43.322,98.221,"Class2",38,"H",55.623
23.272,89.26,47.208,"Y",43.034,47,39.878,52.875,40.06,"Class3",62,"V",3.159
57.473,36.48,8.894,"B",67.574,61,24.747,44.896,66.945,"Class1",42,"O",70.589
65.649,34.785,22.464,"H",58.394,50,9.293,46.312,66.622,"Class1",45,"B",69.378
19.008,87.629,44.257,"K",71.116,48,39.414,55.653,67.305,"Class3",64,"B",6.557
63.534,33.802,7.109,"B",46.832,59,59.406,42.506,64.036,"Class1",43,"S",72.329
56.73,57.434,63.445,"Q",83.768,66,15.92,NA,82.161,"Class4",40,"K",31.564
55.794,33.187,30.253,"O",62.627,54,24.683,44.764,67.921,"Class1",43,"O",73.371
77.737,20.818,1.427,"J",86.451,36,49.851,29.541,98.311,"Class2",37,"T",64.587
31.66,86.862,43.326,"K",40.468,43,41.716,54.44,75.955,"Class3",67,"V",17.475
34.216,40.196,60.736,"K",85.681,44,18.471,25.97,82.853,"Class4",40,"O",34.118
78.701,25.989,0.42,"S",88.047,54,53.759,40.167,98.079,"Class2",43,"F",79.029
26.977,85.67,47.296,"T",47.544,42,41.562,66.805,35.846,"Class3",61,"K",5.603
36.26,25.468,23.922,"Q",85.254,73,39.837,33.209,82.172,"Class4",40,"K",34.961
51.572,47.225,53.913,"R",84.503,38,23.547,31.088,82.45,"Class4",41,"M",36.649
56.211,35.367,26.594,"B",37.353,54,43.205,42.549,64.076,"Class1",46,"O",74.165
56.234,27.397,11.492,"O",54.188,63,19,43.489,56.67,"Class1",42,"Q",72.726
75.411,42.846,0.842,"T",77.466,46,85.687,30.089,97.588,"Class2",36,"R",72.751
86.862,18.367,0.136,"O",89.15,75,49.725,33.021,97.05,"Class2",64,"T",64.055
75.939,12.159,0.877,"T",84.954,46,60.218,28.398,97.69,"Class2",46,"F",66.215
21.957,88.139,42.006,"Q",45.816,47,41.104,61.087,77.459,"Class3",60,"B",10.359
71.881,35.126,23.719,"Z",61.445,61,37.558,40.486,66.505,"Class1",42,"J",70.736
15.235,85.09,41.139,"M",43.189,47,39.661,58.373,24.627,"Class3",62,"B",6.901
52.471,41.886,0.438,"S",86.725,67,50.253,39.849,98.264,"Class2",61,"R",55.254
48.83,43.387,74.432,"R",89.473,20,50.066,40.368,82.831,"Class4",41,"M",40.59
57.248,30.265,14.382,"H",35.645,56,16.878,45.156,64.399,"Class1",44,"S",68.13
47.272,54.96,48.493,"K",92.424,39,51.266,38.213,82.028,"Class4",41,"Q",30.609
74.945,32.303,0.948,"S",82.363,50,54.92,NA,98.748,"Class2",63,"F",56.51
62.551,36.816,16.247,"O",68.072,59,12.98,48.785,64.769,"Class1",44,"Q",69.133
57.548,45.229,19.519,"H",46.909,55,10.747,42.236,53.276,"Class1",43,"J",70.262
56.68,34.308,18.726,"O",36.541,64,15.327,44.277,65.335,"Class1",45,"B",75.296
27.632,88.675,39.685,"Y",56.847,39,40.25,57.751,78.832,"Class3",60,"B",8.872
65.44,43.153,19.098,"D",71.807,55,31.946,43.087,68.521,"Class1",44,"J",71.851
50.45,34.465,15.248,"Z",45.849,60,18.174,41.713,61.854,"Class1",45,"Q",67.85
64.252,32.092,10.712,"D",47.987,66,25.77,47.32,58.598,"Class1",46,"B",66.836
13.033,90.092,54.271,"T",43.462,39,41.861,52.601,34.937,"Class3",67,"V",3.533
80.304,37.617,0.581,"O",85.375,56,90.247,NA,98.482,"Class2",53,"N",58.422
63.394,57.794,30.205,"R",83.806,20,28.428,38.531,82.549,"Class4",40,"M",31.934
62.786,39.566,26.394,"D",59.117,53,53.316,NA,67.88,"Class1",46,"J",74.16
26.945,87.164,44.149,"Y",73.323,45,40.797,59.987,64.036,"Class3",61,"V",18.407
11.173,87.517,48.486,"Q",22.078,47,39.141,63.997,49.693,"Class3",69,"V",20.062
83.148,18.794,0.942,"T",90.547,64,69.339,34.708,97.238,"Class2",44,"T",72.314
76.298,34.463,1.327,"T",90.981,74,67.652,29.698,97.201,"Class2",53,"F",79.001
29.58,36.888,0.439,"J",87.138,44,80.272,34.522,97.796,"Class2",54,"H",69.949
61.108,45.249,23.052,"H",50.028,58,28.204,45.496,63.052,"Class1",42,"B",67.16
30.356,87.659,51.382,"Q",42.236,46,39.653,51.841,78.495,"Class3",63,"L",3.268
25.135,85.3,36.398,"T",44.366,44,40.098,65.779,58.379,"Class3",66,"V",4.817
48.81,26.501,20.402,"D",61.15,58,23.952,45.289,57.82,"Class1",45,"Q",73.088
23.844,88.733,45.604,"Y",51.722,46,39.464,60.462,49.726,"Class3",69,"V",18.677
55.759,33.893,79.127,"R",90.144,24,23.297,NA,82.465,"Class4",40,"Q",39.027
40.434,21.592,1.145,"J",88.85,46,92.093,38.431,97.116,"Class2",52,"F",62.492
53.077,21.196,0.878,"T",88.044,46,59.522,26.59,98.866,"Class2",58,"F",73.126
48.024,41.639,1.671,"E",88.295,76,68.032,35.087,97.079,"Class2",38,"N",62.353
78.101,19.758,1.382,"O",79.685,40,88.002,28.067,98.813,"Class2",41,"R",72.649
53.723,28.395,9.325,"Z",53.5,52,61.095,42.646,55.458,"Class1",43,"S",74.141
48.595,33.561,50.131,"Y",86.617,24,7.553,46.961,84.079,"Class4",40,"O",28.911
56.002,25.562,1.635,"S",92.592,50,62.374,29.286,97.492,"Class2",53,"N",60.449
54.354,46.369,84.541,"K",92.89,52,11.088,37.389,83.604,"Class4",41,"I",29.547
52.554,38.356,16.998,"D",46.163,59,36.398,41.802,58.119,"Class1",46,"B",64.349
NA,35.124,39.584,"P",89.964,54,44.42,28.045,83.329,"Class4",41,"K",33.116
50.102,27.354,10.069,"B",41.133,61,18.22,50.062,54.892,"Class1",42,"O",73.621
52.75,33.837,1.208,"S",89.322,62,55.841,32.478,98.149,"Class2",57,"F",57.716
22.561,90.004,54.232,"Q",70.278,37,39.235,63.715,27.471,"Class3",61,"K",10.127
40.015,51.382,37.956,"P",87.997,35,14.251,32.064,84.103,"Class4",40,"M",40.535
50.16,28.905,18.463,"H",43.546,53,13.217,47.009,67.303,"Class1",44,"J",72.578
48.307,16.735,15.411,"Q",87.427,49,52.621,20.404,83.694,"Class4",41,"Q",34.819
24.539,90.448,40.756,"Q",54.176,38,39.389,61.198,58.21,"Class3",60,"J",14.375
31.603,85.058,43.023,"K",52.642,43,41.565,56.686,54.351,"Class3",61,"K",21.704
53.17,52.181,50.936,"K",84.872,70,30.052,38.418,83.563,"Class4",41,"O",36.751
NA,35.878,30.509,"D",87.304,53,55.909,42.194,61.952,"Class1",43,"B",65.851
30.381,88.929,46.537,"Q",40.768,45,41.148,57.093,44.567,"Class3",66,"V",2.841
63.343,27.469,1.527,"E",81.79,64,77.82,29.735,98.792,"Class2",64,"N",64.983
41.196,36.164,9.277,"R",92.663,36,37.157,33.455,83.189,"Class4",41,"O",34.001
67.881,27.482,18.848,"D",45.016,52,26.751,48.659,68.805,"Class1",46,"B",75.429
74.527,21.794,1.366,"O",86.361,78,72.239,39.844,98.282,"Class2",60,"F",74.341
41.368,33.058,71.539,"K",84.262,36,25.421,28.361,83.989,"Class4",41,"I",31.941
99.289,19.053,1.451,"S",89.687,61,76.577,32.087,98.21,"Class2",58,"H",70.343
72.747,24.176,-0.149,"S",82.321,77,91.406,34.211,98.865,"Class2",52,"N",73.342
31.176,89.791,37.398,"Y",45.262,40,40.578,61.719,26.219,"Class3",63,"B",5.884
55.791,32.224,1.146,"D",44.012,65,27.606,42.999,57.333,"Class1",42,"Q",69.43
6.372,87.365,52.357,"T",39.247,51,40.489,62.054,75.116,"Class3",62,"B",23.032
49.868,36.129,7.634,"D",39.103,60,27.04,49.345,61.501,"Class1",45,"S",67.53
54.626,42.388,59.48,"Q",86.774,38,44.387,34.413,83.84,"Class4",41,"M",40.983
50.726,34.363,17.672,"D",40.641,60,54.905,55.33,66.962,"Class1",42,"O",75.671
5.989,90.289,49.7,"T",37.12,45,39.39,58.3,39.226,"Class3",64,"L",5.406
55.689,30.521,1.021,"E",83.69,72,49.613,38.267,97.115,"Class2",46,"H",79.395
55.093,56.699,57.829,"P",87.222,62,28.797,33.179,84.075,"Class4",41,"Q",33.403
60.611,45.289,24.975,"H",56.227,63,24.27,40.651,52.691,"Class1",46,"S",73.611
41.287,52.182,33.971,"Q",90.873,32,38.204,16.151,83.213,"Class4",41,"M",33.885
NA,29.416,28.363,"D",39.21,59,60.206,40.81,55.917,"Class1",45,"O",67.475
49.979,28.637,22.592,"Z",57.263,65,21.068,47.482,55.922,"Class1",46,"J",69.573
47.359,14.909,1.24,"T",89.363,70,84.11,34.649,98.746,"Class2",59,"T",74.08
50.305,43.181,0.662,"E",88.918,54,85.516,33.856,97.164,"Class2",35,"F",72.103
60.347,33.036,21.81,"H",36.375,52,60.491,48.11,56.985,"Class1",44,"S",64.978
56.498,40.392,12.346,"B",50.54,58,9.116,48.455,52.264,"Class1",42,"B",66.738
56.554,34.948,26.605,"B",42.769,55,52.457,48.197,63.459,"Class1",43,"J",71.373
59.901,31.797,20.531,"O",42.831,64,12.652,36.335,65.32,"Class1",44,"B",64.74
53.972,34.882,23.216,"O",66.686,62,15.667,47.792,59.835,"Class1",42,"B",66.504
71.876,43.708,2.018,"S",84.155,78,75.7,35.307,97.265,"Class2",52,"R",77.049
29.166,38.646,-1.05,"T",85.542,46,74.402,22.786,98.785,"Class2",46,"H",60.199
25.358,88.936,42.311,"T",39.129,44,40.974,66.344,79.586,"Class3",62,"L",21.196
27.857,85.063,48.993,"M",47.141,49,41.161,55.01,77.93,"Class3",62,"L",18.695
68.55,20.966,0.84,"O",81.109,68,62.244,27.256,98.673,"Class2",64,"R",67.298
49.052,28.509,10.584,"H",46.827,57,16.313,51.751,54.245,"Class1",42,"B",75.111
97.17,30.704,1.714,"J",90.458,74,83.004,30.856,98.337,"Class2",59,"T",56.23
24.883,88.847,44.885,"Y",45.339,44,41.397,67.187,42.591,"Class3",60,"K",2.762
52.304,34.991,16.651,"H",17.353,50,15.869,45.766,65.617,"Class1",45,"J",69.877
46.789,28.706,14.985,"D",49.741,71,20.838,43.763,52.417,"Class1",44,"O",67.877
45.766,27.686,24.22,"D",44.413,54,37.394,43.176,68.139,"Class1",44,"B",74.592
NA,39.807,14.587,"H",55.71,57,38.019,44.957,55.084,"Class1",43,"B",65.491
30.911,22.36,1.073,"S",85.566,64,52.036,28.62,97.575,"Class2",34,"T",54.727
21.379,87.636,45.017,"Y",22.497,40,39.85,54.851,79.359,"Class3",66,"J",17.816
31.558,90.633,50.463,"K",49.144,48,40.188,56.096,69.498,"Class3",69,"K",5.555
23.343,88.965,40.71,"T",65.175,43,40.166,53.881,27.872,"Class3",68,"J",9.588
52.494,35.328,42.915,"K",87.853,43,29.093,34.246,83.021,"Class4",40,"Q",34.833
63.936,42.219,17.415,"O",39.312,70,13.736,45.218,53.935,"Class1",46,"O",74.898
8.806,87.614,51.246,"K",63.574,44,39.769,52.11,63.961,"Class3",68,"L",4.824
29.695,86.467,53.418,"K",42.186,38,39.397,49.408,31.825,"Class3",63,"L",10.083
54.949,41.359,14.897,"H",66.711,52,22.653,47.943,56.197,"Class1",45,"B",75.624
53.94,27.751,12.466,"H",60.746,64,47.08,46.718,60.206,"Class1",43,"O",73.825
40.18,52.712,63.303,"Q",81.633,30,21.035,35.737,84.348,"Class4",40,"O",37.646
23.898,87.026,52.773,"M",39.411,47,40.306,59.529,46.753,"Class3",64,"J",9.228
49.715,39.534,17.81,"B",35.033,69,16.166,45.512,66.396,"Class1",45,"B",64.588
63.835,34.343,13.371,"D",60.007,67,37.52,45.355,64.958,"Class1",45,"B",71.769
52.651,36.675,1.138,"T",95.73,77,75.568,34.319,98.825,"Class2",58,"T",61.987
28.064,88.864,41.886,"K",51.816,43,41.854,NA,78.078,"Class3",65,"V",13.836
70.179,30.944,0.505,"O",81.292,40,89.401,36.447,97.308,"Class2",48,"N",58.292
22.494,86.051,48.063,"K",64.787,40,40.513,56.89,63.278,"Class3",61,"B",23.893
58.224,26.52,5.922,"B",41.49,70,12.049,49.095,65.139,"Class1",44,"O",67.742
32.677,37.176,0.978,"S",84.49,51,74.655,34.266,98.921,"Class2",48,"T",77.6
62.475,36.058,12.845,"O",79.785,56,58.668,37.593,57.002,"Class1",44,"S",65.206
63.044,41.874,16.968,"H",59.436,72,24.594,49.223,59.338,"Class1",42,"S",74.839
28.096,87.483,51.494,"Q",48.248,43,41.932,59.433,37.19,"Class3",66,"B",11.276
64.964,39.213,67.979,"Q",87.968,74,31.523,36.434,82.316,"Class4",40,"M",29.822
54.271,26.291,26.642,"B",45.553,71,23.724,43.173,56.498,"Class1",42,"S",72.081
54.789,17.757,1.004,"T",82.658,53,85.43,35.636,98.885,"Class2",44,"N",75.955
15.825,90.799,46.023,"K",60.374,41,41.595,53.427,68.153,"Class3",65,"B",16.404
17.16,86.566,48.44,"Y",53.016,43,41.069,47.827,30,"Class3",66,"K",15.371
98.355,45.43,0.816,"J",88.906,36,90.717,19.152,97.304,"Class2",33,"N",57.691
66.272,46.474,73.564,"P",87.679,35,48.599,34.601,82.289,"Class4",41,"Q",34.863
57.89,15.074,1.352,"O",87.452,76,66.557,25.434,98.285,"Class2",42,"F",70.312
65.22,44.98,22.328,"Z",44.763,59,12.218,46.903,57.348,"Class1",45,"B",69.821
55.736,34.43,24.263,"O",68.061,68,53.431,40.931,61.139,"Class1",46,"J",74.072
47.815,54.51,87.944,"P",93.199,54,50.289,38.327,82.393,"Class4",40,"O",35.171
87.455,21.878,0.49,"S",85.206,62,89.431,37.017,97.743,"Class2",52,"F",70.931
40.856,27.837,62.049,"Y",86.974,58,15.775,41.947,83.553,"Class4",41,"M",35.272
12.995,89.274,46.839,"M",38.239,44,41.036,57.057,44.805,"Class3",64,"K",2.731
53.21,28.41,87.858,"R",79.21,57,29.449,28.702,83.578,"Class4",41,"O",35.109
7.609,86.73,46.017,"Q",36.693,45,40.737,67.098,28.573,"Class3",60,"V",11.47
62.735,35.544,89.204,"P",91.873,55,51.683,24.78,83.136,"Class4",41,"M",28.798
16.575,20.169,1.318,"T",84.678,74,90.055,30.041,97.864,"Class2",53,"R",77.03
104.332,32.483,0.398,"E",85.799,77,77.838,33.772,98.68,"Class2",65,"H",55.814
49.538,31.826,15.235,"O",37.436,62,53.367,45.176,56.59,"Class1",45,"S",69.81
52.394,26.966,75.603,"P",87.041,33,37.88,33.489,84.312,"Class4",40,"O",39.091
60.067,36.926,23.767,"B",1.288,55,31.066,39.45,63.979,"Class1",45,"O",68.199
82.276,35.415,1.994,"S",87.562,49,78.532,29.482,98.767,"Class2",54,"F",61.138
66.871,23.5,100.832,"Q",83.496,47,36.97,40.609,83.865,"Class4",40,"O",31.784
79.372,18.535,0.375,"E",92.179,42,63.351,25.193,98.86,"Class2",35,"H",64.284
74.697,26.861,8.277,"D",57.684,53,11.053,46.587,65.206,"Class1",45,"J",69.247
43.937,50.181,43.335,"K",85.377,29,21.797,36.557,84.207,"Class4",40,"Q",29.719
55.645,37.707,12.664,"D",65.953,63,11.31,50.245,67.964,"Class1",42,"J",73.987
55.635,43.869,16.435,"B",49.066,61,50.717,43.483,68.444,"Class1",42,"O",70.573
32.485,85.891,41.397,"Y",47.976,44,41.97,62.357,20.027,"Class3",61,"K",8.713
NA,48.9,71.682,"K",89.424,26,12.472,38.39,84.966,"Class4",40,"I",31.977
58.983,37.182,10.731,"H",50.539,60,53.938,50.033,66.626,"Class1",43,"S",73.529
NA,86.94,44.956,"Y",42.205,41,39.444,61.118,33.017,"Class3",69,"L",9.654
79.378,45.345,2.33,"J",91.248,77,63.911,43.993,98.743,"Class2",35,"T",63.126
23.582,87.538,45.119,"Y",57.665,38,40.133,44.295,27.692,"Class3",62,"J",4.04
NA,43.937,29.262,"H",32.378,67,44.175,46.027,67.465,"Class1",42,"J",69.841
52.391,30.85,-0.032,"E",83.736,50,68.321,36.612,97.756,"Class2",36,"H",66.236
43.348,54.422,68.066,"Y",87.198,25,8.221,30.546,83.013,"Class4",41,"M",29.63
20.95,87.65,44.068,"Q",57.022,50,39.372,54.677,34.199,"Class3",65,"B",12.798
38.474,33.945,54.467,"Q",87.568,40,27.294,28.185,82.446,"Class4",41,"Q",28.489
57.849,47.431,47.623,"R",82.455,30,51.121,24.974,84.112,"Class4",41,"O",32.887
7.98,88.657,47.133,"M",46.672,43,41.332,NA,51.482,"Class3",61,"B",13.809
62.398,28.495,21.978,"D",43.341,60,50.543,47.612,68.686,"Class1",45,"B",70.902
15.147,87.352,47.216,"M",40.043,43,39.502,56.31,60.653,"Class3",60,"V",16.059
57.979,20.904,49.909,"P",97.069,54,53.673,42.568,82.144,"Class4",40,"Q",40.968
19.092,85.427,40.295,"Y",46.623,51,40.821,64.937,21.027,"Class3",60,"B",8.011
72.237,28.997,0.968,"S",94.004,57,82.573,30.54,97.479,"Class2",48,"H",70.005
14.223,86.795,43.589,"Q",68.947,49,39.669,51.951,52.035,"Class3",66,"J",18.797
27.082,87.711,40.39,"M",73.341,49,40.596,NA,39.839,"Class3",68,"V",17.19
51.415,38.314,1.095,"T",85.727,77,52.767,30.692,98.042,"Class2",49,"R",69.371
79.074,22.872,1.134,"E",82.649,68,67.155,30.918,97.356,"Class2",41,"R",72.522
34.672,28.52,-0.235,"S",82.444,68,55.624,39.63,97.265,"Class2",38,"N",58.823
103.074,18.395,1.833,"O",92.866,74,61.306,29.462,98.657,"Class2",56,"T",55.089
30.767,85.321,51.082,"K",51.099,46,39.373,54.417,59.944,"Class3",63,"V",15.64
63.961,44.368,21.576,"B",72.045,71,43.185,44.531,66.33,"Class1",43,"Q",68.551
11.757,85.534,52.871,"T",50.627,45,41.547,53.844,27.337,"Class3",68,"J",2.981
93.65,21.985,1.619,"J",84.325,70,55.061,31.527,97.63,"Class2",52,"N",54.521
63.393,28.098,19.623,"D",58.132,72,9.134,52.375,66.8,"Class1",42,"S",75.235
55.423,44.04,56.156,"P",91.358,38,9.752,31.951,84.418,"Class4",41,"Q",38.025
19.69,86.75,52.647,"K",59.29,46,40.807,51.105,70.28,"Class3",66,"B",8.358
81.382,37.451,0.334,"T",83.15,39,49.562,23.637,98.807,"Class2",63,"N",69.194
53.81,45.141,29.218,"H",53.871,59,58.163,51.534,60.429,"Class1",45,"O",64.056
NA,88.143,48.019,"K",67.752,49,39.293,60.187,49.434,"Class3",60,"B",19.081
40.418,24.112,15.228,"K",89.777,69,26.708,38.726,84.494,"Class4",41,"Q",39.237
27.01,85.375,39.617,"T",41.216,39,39.081,56.393,25.144,"Class3",63,"L",12.021
71.768,9.138,0.41,"S",83.856,39,73.875,32.261,98.102,"Class2",61,"H",55.183
71.534,14.93,1.836,"S",85.399,60,87.418,28.63,98.462,"Class2",61,"H",73.705
48.568,25.989,65.509,"R",87.565,68,38.292,26.543,84.009,"Class4",41,"I",36.582
51.018,28.446,2.461,"O",60.062,71,16.163,44.094,58.585,"Class1",46,"B",70.025
63.663,57.904,67.712,"P",89.805,49,19.866,43.158,83.852,"Class4",40,"O",36.458
91.047,45.778,0.06,"J",82.76,51,71.874,36.523,98.151,"Class2",67,"N",73.273
NA,41.553,76.492,"K",83.241,45,9.786,20.088,82.262,"Class4",41,"K",31.296
82.543,45.536,-0.178,"J",89.376,67,57.121,32.868,97.406,"Class2",62,"T",72.386
58.282,34.515,10.564,"B",45.928,62,58.97,41.647,62.515,"Class1",44,"S",71.643
43.505,54.604,49.82,"K",87.439,27,7.811,40.167,84.702,"Class4",40,"Q",31.264
7.212,85.926,47.068,"K",59.828,46,41.805,49.982,39.357,"Class3",60,"K",19.629
67.762,28.665,54.805,"P",85.324,44,11.898,37.563,84.029,"Class4",41,"M",35.822
21.541,85.927,40.799,"Y",52.545,39,40.273,65.67,47.47,"Class3",68,"L",20.035
46.466,27.283,62.896,"R",85.187,64,35.397,46.914,82.318,"Class4",41,"O",39.232
102.942,34.913,1.52,"O",84.134,71,72.948,38.377,97.734,"Class2",37,"N",64.309
18.8,90.691,43.444,"Y",48.239,51,41.766,58.145,57.113,"Class3",65,"K",18.38
16.081,87.226,52.456,"T",39.911,40,40.884,57.799,65.158,"Class3",69,"V",4.253
78.845,18.657,0.292,"T",85.652,39,73.61,29.682,97.087,"Class2",50,"N",55.482
NA,16.09,1.585,"S",88.823,43,77.888,26.742,97.916,"Class2",36,"R",66.322
48.012,32.225,0.595,"J",82.527,50,53.839,29.142,97.921,"Class2",67,"R",76.222
11.153,90.321,51.516,"T",50.073,51,41.736,61.763,56.433,"Class3",61,"L",4.362
30.939,89.759,53.612,"K",66.038,49,41.946,62.373,31.32,"Class3",63,"V",1.076
17.088,85.135,49.849,"K",43.857,39,41.2,60.933,26.104,"Class3",61,"V",2.548
60.432,25.287,1.239,"O",86.747,37,67.472,37.273,98.81,"Class2",63,"H",54.551
73.421,23.146,0.853,"S",87.762,68,78.145,42.56,98.194,"Class2",56,"H",73.94
23.412,90.701,48.468,"M",52.728,50,40.997,56.125,33.447,"Class3",60,"K",22.584
66.756,42.974,-4.303,"B",35.276,66,10.156,45.55,66.774,"Class1",45,"J",70.465
41.837,32.755,0.826,"E",82.832,61,49.363,35.191,98.482,"Class2",44,"H",63.07
32.12,85.569,42.319,"Q",44.679,52,40.835,59.059,36.683,"Class3",66,"V",21.943
11.131,87.539,42.868,"Q",39.889,44,40.331,62.085,29.619,"Class3",61,"K",13.137
36.293,33.078,0.805,"E",85.156,47,85.559,30.633,97.584,"Class2",33,"T",71.326
54.157,25.946,50.952,"Q",85.414,50,50.08,29.65,84.77,"Class4",40,"O",29.387
61.857,14.029,1.121,"J",88.378,46,70.476,43.597,98.808,"Class2",53,"N",79.449
63.657,43.942,12.375,"Z",41.22,54,17.291,48.53,57.23,"Class1",45,"S",68.781
26.876,85.262,39.557,"Y",30.662,38,40.936,55.321,70.287,"Class3",61,"J",3.777
24.33,90.497,41.437,"M",3.489,44,40.984,45.759,66.246,"Class3",66,"K",23.611
32.939,90.76,46.655,"T",53.464,52,40.037,63.525,41.439,"Class3",63,"L",20.436
NA,44.816,61.787,"R",85.306,26,45.758,25.49,82.037,"Class4",40,"Q",29.186
39.602,57.799,64.628,"P",80.948,23,39.48,35.401,82.307,"Class4",40,"M",30.494
67.332,32.905,10.046,"O",59.138,59,20.011,41.395,66.799,"Class1",43,"Q",67.746
50.615,35.697,24.737,"O",72.394,71,27.088,46.411,66.505,"Class1",42,"B",74.025
60.266,29.743,16.166,"O",59.172,61,59.185,51.22,56.008,"Class1",44,"Q",65.256
65.136,42.444,51.969,"K",90.272,29,18.678,28.48,83.809,"Class4",41,"M",32.878
NA,29.601,22.528,"H",64.224,59,18.182,49.622,68.735,"Class1",43,"S",72.888
16.279,86.315,46.071,"T",57.105,42,41.579,73.006,28.724,"Class3",61,"V",17.352
54.432,30.933,21.04,"O",73.987,69,29.903,NA,58.504,"Class1",46,"O",65.747
50.392,41.935,14.744,"Z",42.762,70,53.215,47.47,66.041,"Class1",42,"J",69.678
55.969,30.666,22.255,"B",49.003,52,35.622,50.65,56.08,"Class1",44,"O",74.778
68.429,44.33,26.193,"R",94.832,71,41.698,34.064,82.687,"Class4",40,"Q",29.461
52.61,25.045,29.648,"Y",91.299,74,30.852,40.259,83.619,"Class4",40,"K",34.623
61.298,31.079,10.236,"Z",40.982,66,55.378,53.358,68.86,"Class1",46,"Q",66.712
45.263,48.743,16.692,"K",84.644,73,28.968,20.819,82.344,"Class4",40,"M",31.064
42.734,33.084,0.939,"O",87.133,56,79.346,30.819,98.482,"Class2",64,"R",71.545
56.52,28.382,10.673,"B",74.454,72,55.496,56.821,61.552,"Class1",45,"Q",73.416
50.734,15.656,60.971,"K",91.051,63,50.621,24.066,83.01,"Class4",40,"O",28.446
23.714,89.793,41.193,"K",44.745,47,40.351,56.549,45.389,"Class3",62,"J",4.085
63.172,37.622,58.382,"K",96.079,31,48.892,54.514,82.579,"Class4",40,"K",37.474
83.605,24.485,0.955,"J",81.173,53,55.448,34.456,97.345,"Class2",61,"T",59.998
46.308,28.291,55.095,"Q",88.772,19,13.256,27.738,83.558,"Class4",40,"Q",30.176
78.669,23.448,0.239,"O",89.186,43,82.7,34.504,97.19,"Class2",41,"H",58.838
51.655,17.263,63.513,"K",84.881,68,13.708,40.98,83.101,"Class4",40,"M",37.275
34.857,89.843,40.505,"Q",9.743,43,40.977,65.959,23.727,"Class3",60,"V",14.882
33.222,89.742,48.64,"Y",51.467,48,41.339,56.286,47.667,"Class3",69,"V",22.808
43.815,41.77,57.711,"K",87.718,35,48.91,37.391,84.515,"Class4",40,"K",36.173
38.644,51.929,73.096,"K",86.987,31,9.87,33.227,82.705,"Class4",40,"K",40.812
64.991,31.397,22.09,"Z",62.104,71,30.683,53.103,56.7,"Class1",46,"S",68.847
74.086,27.654,48.519,"Q",86.158,63,35.031,31.241,82.702,"Class4",41,"O",38.913
41.835,25.171,80.582,"Q",85.812,69,28.228,28.277,84.416,"Class4",41,"O",40.895
72.169,40.616,0.76,"O",84.821,43,82.344,41.774,97.233,"Class2",60,"T",54.394
13.471,36.153,0.919,"T",89.655,42,77.033,39.72,98.301,"Class2",58,"T",56.966
57.141,45.144,21.427,"Z",54.768,64,40.058,53.045,60.784,"Class1",43,"J",74.17
55.733,31.78,22.253,"D",41.244,69,54.634,48.722,63.052,"Class1",45,"S",71.46
76.409,34.438,1.353,"E",79.88,72,73.072,38.986,97.551,"Class2",34,"F",74.545
87.704,43.998,1.343,"T",87.664,46,79.724,36.18,98.617,"Class2",36,"R",71.843
21.924,89.847,51.196,"T",45.588,42,39.576,48.588,67.001,"Class3",69,"V",12.713
NA,22.272,1.372,"S",84.322,41,74.48,30.102,97.724,"Class2",66,"F",75.373
55.745,42.349,13.841,"O",68.336,71,54.748,47.41,61.646,"Class1",43,"B",72.656
51.137,51.041,83.997,"P",90.3,63,17.37,24.056,82.335,"Class4",41,"I",29.625
59.207,27.051,2.257,"J",87.807,54,67.482,27.286,97.108,"Class2",62,"H",73.282
NA,26.512,52.133,"Q",82.338,54,31.271,23.094,84.361,"Class4",41,"Q",35.889
17.024,90.275,44.711,"Y",38.407,39,41.28,50.373,59.885,"Class3",66,"L",22.697
13.169,88.357,38.335,"K",38.899,44,40.978,61.616,75.438,"Class3",66,"V",6.11
NA,26.525,17.112,"K",84.309,39,50.39,37.813,83.218,"Class4",41,"O",40.028
33.465,27.003,0.392,"O",85.56,65,91.052,31.339,98.326,"Class2",60,"F",55.285
12.305,86.327,51.623,"T",55.649,41,41.298,NA,47.427,"Class3",66,"K",21.536
35.742,85.992,47.516,"M",66.427,41,40.021,47.598,30.277,"Class3",65,"V",1.924
58.195,30.449,21.125,"D",82.802,59,29.349,54.993,59.274,"Class1",42,"S",74.008
73.428,9.408,0.941,"J",83.743,71,60.754,18.833,97.89,"Class2",36,"T",67.4
43.018,16.976,52.87,"P",87.551,38,47.647,27.876,82.93,"Class4",40,"M",30.134
84.603,29.773,2.164,"O",85.62,67,52.244,35.053,98.993,"Class2",34,"T",69.66
83.939,41.255,1.397,"J",83.528,56,66.553,35.589,98.42,"Class2",38,"N",55.717
37.123,42.943,1.66,"O",89.789,65,78.732,41.193,97.486,"Class2",33,"T",57.728
31.083,89.077,46.601,"K",37.429,50,39.865,53.115,68.829,"Class3",67,"V",1.026
66.335,28.17,26.829,"D",62.559,63,12.051,45.343,57.943,"Class1",44,"S",71.614
51.824,34.342,1.097,"S",85.199,55,90.045,35.269,98.167,"Class2",66,"F",68.587
67.38,42.262,55.023,"R",89.263,61,23.871,29.716,82.848,"Class4",40,"I",38.847
NA,19.828,0.499,"T",90.698,75,68.504,23.452,97.423,"Class2",65,"H",64.94
73.94,32.976,-0.019,"S",79.502,68,72.781,NA,97.392,"Class2",67,"N",65.473
62.393,27.727,21.102,"B",57.649,51,13.412,47.303,67.495,"Class1",42,"Q",65.076
51.035,35.905,16.073,"B",69.932,59,48.509,49.702,63.133,"Class1",42,"Q",64.764
65.194,26.821,2.333,"Z",21.791,61,16.034,45.857,60.686,"Class1",46,"S",66.912
54.28,47.402,40.339,"Q",83.135,43,41.08,25.864,84.583,"Class4",40,"M",36.982
80.819,21.46,1.359,"T",85.476,58,87.778,43.795,98.001,"Class2",49,"F",75.698
55.745,27.816,84.07,"P",86.08,33,14.016,32.626,83.171,"Class4",40,"I",38.441
48.863,17.657,36.705,"Q",82.743,58,29.036,33.533,84.027,"Class4",41,"I",38.228
62.358,36.539,20.079,"H",45.757,67,9.229,46.4,62.908,"Class1",46,"Q",69.908
44.809,44.575,59.016,"Q",94.142,33,42.425,15.94,83.21,"Class4",40,"I",30.07
54.897,43.73,22.934,"B",68.007,67,55.198,43.232,67.502,"Class1",44,"B",70
53.191,27.611,57.993,"P",84.806,46,9.546,34.607,84.924,"Class4",41,"Q",33.958
52.817,15.943,1.562,"T",85.199,61,88.404,39.918,97.358,"Class2",56,"F",78.803
33.152,85.6,45.732,"T",38.563,45,40.079,63.788,20.368,"Class3",60,"V",16.861
53.543,45.196,8.981,"H",50.104,57,32.475,44.895,58.291,"Class1",44,"Q",64.62
55.148,31.626,26.061,"B",69.58,60,24.241,38.402,60.285,"Class1",42,"S",69.137
25.821,89.264,44.301,"Y",50.213,42,39.624,60.82,67.031,"Class3",63,"K",18.318
30.747,90.838,44.005,"Q",36.14,45,40.569,55.481,27.177,"Class3",61,"V",12.534
59.383,15.485,38.006,"Q",92.995,30,11.626,26.575,84.674,"Class4",41,"I",33.623
16.408,87.504,44.092,"T",51.487,42,40.825,57.292,72.968,"Class3",67,"L",14.093
63.029,26.794,16.912,"D",56.753,72,45.06,52.635,55.33,"Class1",44,"J",64.136
48.658,28.495,8.717,"O",79.24,50,19.297,40.646,62.192,"Class1",44,"Q",64.446
57.89,45.058,50.653,"Y",88.92,46,33.825,44.34,82.153,"Class4",40,"O",35.795
91.745,13.953,1.197,"T",90.033,44,88.018,26.219,97.061,"Class2",59,"F",61.61
77.916,25.192,1.391,"J",82.203,64,82.841,28.648,98.038,"Class2",64,"F",68.277
58.105,29.758,17.764,"H",59.115,53,29.252,44.564,57.081,"Class1",44,"B",71.52
44.199,39.36,68.695,"Y",88.365,40,25.466,27.839,84.827,"Class4",41,"Q",28.648
48.186,27.023,23.521,"D",45.6,53,55.545,44.988,62.463,"Class1",46,"J",75.499
55.371,33.179,15.819,"H",76.439,70,26.427,53.171,63.821,"Class1",43,"O",74.532
92.32,17.37,1.219,"J",80.495,60,92.113,35.429,98.237,"Class2",60,"F",76.656
61.888,39.546,13.633,"O",61.691,66,18.398,46.553,52.919,"Class1",45,"S",65.27
62.432,26.013,18.063,"D",65.229,51,10.122,46.864,67.032,"Class1",43,"B",73.343
50.231,33.643,1.514,"T",84.674,57,51.182,19.83,98.093,"Class2",61,"F",67.131
14.362,89.872,50.578,"T",51.385,42,39.717,53.261,44.426,"Class3",67,"K",18.16
59.277,34.576,72.73,"Q",88.918,76,30.126,31.251,82.348,"Class4",40,"M",28.573
27.42,89.621,51.247,"M",28.884,37,40.132,48.282,66.519,"Class3",62,"K",10.221
13.688,86.595,47.96,"M",53.598,50,40.761,57.418,20.326,"Class3",69,"J",19.955
60.915,45.542,-0.076,"D",55.798,58,51.221,51.437,57.572,"Class1",42,"B",68.589
35.426,89.948,52.698,"T",48.35,38,39.796,52.164,34.387,"Class3",64,"B",8.64
61.359,31.217,35.407,"Z",70.384,61,43.767,42.691,57.113,"Class1",43,"J",68.835
56.528,44.462,14.344,"Z",58.578,51,44.574,44.343,54.526,"Class1",45,"O",65.51
25.813,90.886,46.224,"Q",46.534,51,40.678,59.254,71.655,"Class3",60,"V",5.881
77.587,35.354,1.024,"S",92.625,62,88.072,38.307,97.921,"Class2",66,"T",71.853
106.938,35.389,1.429,"T",90.109,62,92.927,36.12,98.394,"Class2",50,"F",60.813
89.983,37.552,0.314,"J",92.351,46,66.869,37.905,98.482,"Class2",54,"H",73.407
62.174,34.252,44.704,"Y",86.245,41,43.479,41.707,82.751,"Class4",40,"Q",29.352
49.894,26.524,41.36,"Q",87.514,31,17.541,25.91,83.375,"Class4",40,"Q",38.01
57.933,30.599,1.39,"J",86.094,65,59.524,32.33,97.523,"Class2",33,"R",67.222
52.905,18.272,0.699,"J",85.377,40,84.525,35.589,97.575,"Class2",41,"H",61.582
61.963,36.076,13.904,"D",65.662,58,54.222,45.858,56.839,"Class1",45,"O",73.01
NA,86.653,43.247,"Q",43.769,48,40.618,61.013,64.361,"Class3",62,"K",18.767
52.117,47.235,57.14,"Q",86.23,67,27.887,34.615,83.471,"Class4",41,"O",36.924
44.941,24.261,-0.156,"S",85.825,45,90.211,37.496,98.323,"Class2",49,"F",61.369
22.422,88.787,48.668,"K",56.481,38,40.583,62.198,31.665,"Class3",63,"J",6.3
64.599,24.092,1.324,"J",84.35,41,62.6,43.151,97.037,"Class2",37,"F",77.581
NA,85.212,46.838,"K",43.797,47,41.113,50.757,22.483,"Class3",65,"L",18.491
38.348,20.881,61.813,"Y",90.277,62,44.847,41.541,83.945,"Class4",41,"O",31.898
59.477,31.077,32.5,"H",62.382,65,60.134,38.494,53.766,"Class1",42,"S",67.188
48.095,27.63,13.278,"Z",88.143,51,36.471,51.358,63.094,"Class1",43,"J",73.785
68.807,41.331,0.942,"T",90.17,56,61.239,34.578,98.973,"Class2",38,"R",58.971
NA,38.699,7.964,"H",41.632,71,15.201,48.401,55.244,"Class1",46,"Q",68.987
47.336,39.356,44.177,"P",82.377,65,18.994,32.848,82.385,"Class4",41,"M",39.943
64.146,33.834,2.961,"Z",39.459,67,25.489,43.573,58.717,"Class1",43,"Q",75.441
15.372,90.516,48.931,"T",29.644,46,40.172,67.178,78.361,"Class3",66,"B",22.696
48.375,20.219,26.83,"P",79.961,77,18.733,26.449,84.407,"Class4",40,"K",33.595
49.115,33.889,18.611,"B",70.879,69,37.508,52.446,59.585,"Class1",42,"B",71.67
33.607,27.4,88.392,"P",84.558,48,12.406,39.945,82.542,"Class4",40,"I",36.882
57.135,43.487,65.053,"Y",84.315,23,50.575,42.338,83.025,"Class4",40,"M",38.054
71.375,44.317,82.876,"P",88.216,33,15.018,32.731,82.425,"Class4",41,"I",37.522
71.993,26.436,2.049,"O",86.183,72,60.41,26.902,97.466,"Class2",45,"H",78.467
50.029,42.727,51.427,"R",92.317,75,45.06,30.561,83.537,"Class4",41,"Q",32.531
21.246,90.013,46.557,"T",66.883,45,39.3,57.394,63.743,"Class3",63,"K",18.421
41.443,23.245,59.276,"K",83.986,23,28.602,33.563,84.591,"Class4",40,"I",37.999
NA,88.956,41.738,"M",42.237,45,39.545,62.453,60.419,"Class3",62,"B",8.01
53.735,35.933,15.373,"O",54.358,54,29.008,45.15,52.192,"Class1",44,"Q",64.27
50.778,38.303,0.56,"E",91.922,56,74.158,31.734,98.564,"Class2",38,"T",72.899
72.534,38.969,1.51,"E",88.887,73,83.365,20.178,97.097,"Class2",61,"R",75.141
61.749,32.502,71.731,"R",85.939,63,48.214,19.827,82.853,"Class4",41,"I",40.82
33.326,25.742,78.425,"K",86.505,48,42.8,33.24,83.153,"Class4",40,"O",36.528
53.24,20.858,20.041,"P",88.35,69,28.316,22.819,82.815,"Class4",41,"O",32.29
50.64,51.273,54.514,"Q",98.753,59,40.784,34.884,84.047,"Class4",40,"K",40.21
64.003,31.438,23.419,"Z",35.354,56,51.558,46.98,67.586,"Class1",46,"B",70.596
30.04,87.571,46.151,"M",52.824,43,40.287,56.89,40.305,"Class3",65,"L",1.274
20.014,86.264,53.511,"Y",55.287,41,39.921,57.923,29.132,"Class3",64,"J",5.054
45.981,32.627,9.562,"H",17.207,69,46.628,45.324,61.064,"Class1",46,"J",75.87
58.762,25.583,15.688,"O",50.003,67,48.064,41.332,53.097,"Class1",43,"B",67.739
87.282,42.424,1.198,"E",86.678,45,71.455,32.604,97.837,"Class2",45,"T",74.603
60.148,37.221,20.665,"Z",60.872,72,26.058,44.373,68.838,"Class1",42,"J",73.295
NA,28.374,25.315,"H",44.164,50,35.28,47.947,62.907,"Class1",46,"Q",74.036
16.962,85.847,47.857,"K",31.009,52,39.009,52.342,24.003,"Class3",61,"V",21.593
11.013,88.511,51.507,"M",58.972,38,40.182,64.954,41.881,"Class3",67,"L",21.899
58.435,9.626,0.497,"T",91.515,73,52.17,35.848,97.554,"Class2",54,"N",63.373
68.876,41.333,7.033,"D",37.871,67,49.797,50.353,63.54,"Class1",42,"J",64.817
44.481,34.504,0.591,"O",86.543,40,76.058,40.745,98.248,"Class2",48,"T",60.913
29.367,90.056,41.785,"K",57.709,39,40.411,NA,42.657,"Class3",65,"K",4.116
57.642,28.019,7.521,"D",35.23,57,29.49,43.081,57.429,"Class1",43,"O",75.27
46.868,43.851,63.216,"Y",86.114,75,23.203,NA,83.229,"Class4",41,"K",35.215
40.512,89.24,47.027,"Y",47.991,43,41.547,58.775,48.115,"Class3",62,"K",21.586
54.26,10.976,2.019,"J",81.443,43,82.392,33.597,97.434,"Class2",66,"T",54.198
63.257,30.377,4.45,"O",59.531,60,58.654,41.884,62.047,"Class1",43,"O",73.424
65.081,27.965,16.558,"H",46.113,58,35.933,48.701,59.299,"Class1",46,"O",70.109
40.721,39.586,16.319,"O",70.434,56,35.242,48.575,68.405,"Class1",44,"Q",75.62
23.949,85.414,42.264,"K",72.931,38,41.045,58.583,73.818,"Class3",62,"J",16.496
71.812,23.992,35.251,"R",85.771,59,32.498,23.764,84.045,"Class4",41,"K",32.913
11.22,88.87,48.474,"T",41.879,50,39.78,56.066,24.461,"Class3",62,"J",6.33
NA,85.6,43.644,"M",67.035,40,40.304,67.841,72.184,"Class3",69,"J",15.102
67.634,45.956,1.399,"O",82.998,56,90.751,36.414,97.017,"Class2",49,"N",55.986
60.7,34.5,48.2,"P",93.605,42,33.781,36.007,83.612,"Class4",40,"M",31
63.569,42.56,43.967,"R",87.892,28,50.297,27.136,83.836,"Class4",40,"Q",36.207
47.315,28.215,16.221,"B",73.645,51,54.532,44.828,62.215,"Class1",46,"B",71.461
74.507,12.601,1.373,"T",86.149,78,80.986,30.056,97.388,"Class2",41,"T",62.294
24.885,86.695,41.972,"K",23.258,44,40.277,62.002,42.135,"Class3",65,"J",4.583
71.172,27.827,1.424,"T",90.5,39,91.362,36.665,98.688,"Class2",34,"H",61.12
65.757,36.625,28.313,"O",45.803,67,57.854,48.498,65.464,"Class1",46,"O",70.005
58.621,43.055,10.88,"O",40.548,55,37.185,44.412,55.287,"Class1",42,"Q",75.535
75.263,23.219,0.51,"S",88.234,54,49.835,28.915,98.076,"Class2",60,"F",54.715
59.013,40.938,62.807,"R",85.994,73,44.787,NA,83.878,"Class4",40,"K",39.109
72.885,33.732,0.681,"J",87.174,60,81.122,37.136,97.127,"Class2",63,"R",61.806
23.935,90.245,47.384,"Y",65.406,43,41.33,62.49,22.294,"Class3",69,"B",7.673
84.996,12.453,1.008,"T",89.798,64,72.241,27.879,97.529,"Class2",63,"T",66.084
25.775,90.404,46.508,"K",46.612,39,40.803,55.609,47.392,"Class3",67,"B",12.126
82.176,38.189,1.897,"T",88.529,36,54.098,28.285,98.816,"Class2",35,"N",62.016
NA,88.87,43.518,"K",39.511,51,41.756,58.628,21.974,"Class3",65,"B",9.453
26.665,86.889,47.744,"M",48.699,49,41.872,52.737,76.288,"Class3",69,"L",12.015
84.453,28.334,2.156,"O",83.258,46,86.605,29.289,97.555,"Class2",56,"F",62.826
29.513,88.413,50.192,"Q",33.088,51,39.481,63.358,67.047,"Class3",65,"L",23.488
50.875,36.007,58.881,"K",91.614,48,27.269,NA,83.034,"Class4",41,"O",29.209
17.911,90.434,45.017,"Q",38.718,51,39.525,56.437,22.433,"Class3",67,"L",22.789
43.23,29.729,22.422,"B",36.425,50,28.55,44.82,58.039,"Class1",44,"Q",71.068
61.058,29.091,58.556,"P",82.762,47,21.601,24.646,82.167,"Class4",40,"O",29.95
74.957,9.505,1.156,"S",81.625,78,72.836,29.654,98.696,"Class2",41,"F",70.161
41.446,12.765,1.226,"S",81.648,47,56.245,32.679,97.528,"Class2",52,"N",64.188
39.367,53.014,39.105,"R",89.708,32,43.719,39.422,82.516,"Class4",40,"I",32.866
51.099,35.165,26.567,"Z",57.327,55,55.256,42.938,52.073,"Class1",44,"B",72.744
51.873,19.692,-0.231,"E",90.669,69,51.023,35.25,97.892,"Class2",55,"R",70.477
45.601,43.094,73.15,"K",81.587,63,14.222,29.527,82.535,"Class4",41,"M",40.402
28.49,87.919,51.876,"M",50.327,42,40.73,52.508,28.403,"Class3",64,"L",14.624
NA,85.141,51.979,"T",63.186,45,41.495,63.718,42.372,"Class3",60,"L",9.067
70.996,38.299,12.865,"B",48.83,57,59.927,53.427,56.485,"Class1",45,"B",74.725
25.471,86.924,46.324,"M",40.575,38,40.866,64.365,34.655,"Class3",67,"J",11.149
52.016,43.496,75.58,"Y",90.834,26,36.004,29.864,82.158,"Class4",41,"Q",30.156
72.731,31.804,26.176,"O",72.004,65,8.589,45.664,66.703,"Class1",42,"Q",75.711
13.669,38.761,0.38,"S",86.166,41,53.38,31.371,98.17,"Class2",46,"H",68.144
54.285,39.4,12.403,"O",52.127,60,14.15,44.681,54.762,"Class1",44,"B",75.495
32.196,88.029,45.802,"K",46.757,37,39.081,56.981,26.728,"Class3",67,"L",6.766
34.062,26.554,37.605,"P",87.759,22,21.988,42.279,84.504,"Class4",41,"I",37.359
23.887,89.383,52.013,"Y",56.968,39,40.929,50.326,52.017,"Class3",61,"B",17.796
98.186,33.873,1.534,"E",88.044,75,66.226,32.645,98.756,"Class2",43,"R",75.665
53.603,33.961,8.729,"Z",35.276,50,46.769,42.244,58.863,"Class1",42,"O",65.757
53.16,39.393,12.912,"D",71.124,68,35.515,56.515,65.78,"Class1",46,"B",64.069
58.861,38.942,64.564,"R",87.228,28,40.012,NA,82.045,"Class4",41,"I",29.322
76.445,28.452,-0.085,"E",90.081,69,53.283,38.431,98.317,"Class2",43,"H",63.111
84.041,19.803,1.163,"E",91.91,38,56.024,27.557,97.111,"Class2",64,"N",54.248
59.275,23.546,1.416,"T",87.475,48,66.003,33.436,97.187,"Class2",46,"N",79.926
46.337,31.609,0.861,"J",82.058,48,74.204,36.411,98.832,"Class2",47,"T",63.703
72.89,41.717,20.725,"D",31.191,64,37.021,49.274,57.554,"Class1",43,"S",66.715
75.204,39.931,0.62,"E",87.211,53,86.364,40.806,97.109,"Class2",35,"F",58.392
20.843,89.849,51.086,"M",29.617,48,39.628,60.077,27.949,"Class3",68,"J",13.38
89.051,18.296,1.505,"T",86.665,38,56.514,29.277,98.418,"Class2",58,"N",67.287
53.457,27.872,8.1,"O",50.824,55,40.765,54.285,63.866,"Class1",44,"O",71.828
31.187,86.728,49.008,"M",59.052,42,40.345,58.658,50.023,"Class3",67,"L",18.063
13.185,85.203,52.179,"K",48.764,51,41.095,64.843,67.31,"Class3",69,"K",22.343
19.887,88.761,43.102,"Q",36.503,46,40.289,45.499,41.212,"Class3",68,"K",8.381
61.136,24.187,0.864,"S",83.726,67,50.85,36.549,97.942,"Class2",64,"N",54.712
68.079,33.638,78.249,"R",89.409,66,32.522,36.432,84.441,"Class4",40,"O",29.904
14.705,85.961,45.549,"T",36.452,44,41.804,58.173,71.438,"Class3",63,"B",23.949
18.123,86.011,48.596,"M",56.806,45,40.049,63.517,44.888,"Class3",69,"L",15.74
48.37,29.417,7.922,"H",60.391,52,35.13,40.025,53.689,"Class1",45,"B",67.185
NA,33.905,30.336,"B",71.277,70,27.059,47.87,56.439,"Class1",43,"J",70.732
9.383,90.864,41.153,"Y",19.875,49,41.614,51.529,69.14,"Class3",61,"K",22.25
50.892,35.219,16.973,"Z",53.1,70,17.7,48.296,58.055,"Class1",46,"S",66.202
60.739,42.738,10.079,"Z",59.787,72,54.575,44.03,55.653,"Class1",43,"B",72.684
55.539,29.712,32.101,"D",57.55,58,57.946,41.469,61.857,"Class1",42,"B",66.558
60.04,39.729,12.179,"D",38.163,53,10.559,46.305,64.339,"Class1",42,"J",72.127
48.716,18.562,1.517,"O",92.08,66,65.739,31.813,98.224,"Class2",56,"F",74.385
63.68,11.608,1.059,"S",84.117,67,58.776,38.842,98.124,"Class2",38,"T",59.679
51.275,56.473,62.006,"K",87.496,50,14.735,40.544,83.366,"Class4",41,"K",28.633
55.036,37.811,22.02,"H",23.198,60,13.687,43.566,60.373,"Class1",43,"J",69.182
55.17,43.232,15.78,"O",66.832,59,60.775,48.601,61.1,"Class1",42,"B",71.173
19.471,88.764,45.496,"Q",41.124,37,39.282,53.914,63.228,"Class3",63,"V",8.351
57.793,41.363,9.425,"O",60.434,55,40.551,43.177,57.318,"Class1",43,"S",64.287
49.069,25.889,5.263,"Y",84.275,74,32.991,29.924,82.068,"Class4",40,"M",34.725
62.356,45.236,7.025,"Z",78.681,63,34.689,47.681,52.357,"Class1",42,"O",69.315
NA,37.574,48.046,"P",86.767,47,20.977,30.358,83.283,"Class4",41,"K",40.727
28.647,87.852,45.336,"T",38.291,46,41.504,64.388,56.281,"Class3",64,"J",6.297
36.265,39.113,91.555,"Y",80.073,71,11.312,30.036,84.721,"Class4",41,"K",31.049
17.867,90.348,46.506,"T",49.207,43,41.763,57.315,79.119,"Class3",63,"L",7.367
31.354,85.107,44.682,"Q",27.055,46,40.684,65.619,21.448,"Class3",62,"V",5.519
64.113,34.928,5.747,"H",42.46,56,31.979,49.547,62.612,"Class1",42,"O",69.325
66.53,36.371,21.954,"B",75.788,58,32.284,49.438,63.347,"Class1",44,"O",67.554
58.544,56.448,71.118,"K",87.176,50,20.801,NA,84.36,"Class4",41,"K",40.542
67.861,34.286,22.941,"Z",22.953,55,61.495,NA,52.183,"Class1",43,"S",68.357
59.935,32.695,39.042,"K",80.684,54,27.427,28.44,83.476,"Class4",40,"O",38.363
69.513,47.294,1.676,"O",77.576,62,67.185,41.603,98.85,"Class2",56,"N",76.349
24.18,89.825,45.763,"M",37.769,38,39.207,57.452,37.412,"Class3",66,"K",2.907
81.82,29.213,0.088,"O",93.669,70,57.875,29.293,98.974,"Class2",49,"T",71.481
61.642,25.237,82.251,"K",88.134,76,14.242,19.064,83.824,"Class4",41,"O",34.64
58.957,31.508,20.519,"B",20.384,64,61.543,52.316,67.941,"Class1",44,"S",65.924
47.161,43.115,1.491,"E",85.09,40,83.405,29.381,97.446,"Class2",58,"F",55.442
77.437,20.637,2.343,"O",85.859,42,88.335,NA,97.626,"Class2",40,"N",67.221
57.562,43.826,56.981,"R",91.64,68,23.109,31.449,83.158,"Class4",40,"I",30.075
30.291,86.496,39.451,"Y",55.821,47,40.582,54.241,75.907,"Class3",62,"J",3.318
49.522,37.615,1.088,"T",88.232,46,73.142,42.923,97.782,"Class2",63,"N",63.386
21.997,90.364,43.814,"M",39.316,40,40.967,72.455,26.815,"Class3",64,"K",3.949
44.032,48.984,44.969,"Y",95.132,68,32.099,34.798,83.228,"Class4",40,"M",31.085
13.467,88.954,45.997,"T",49.375,47,41.846,49.626,77.062,"Class3",63,"V",9.255
NA,87.86,48.127,"M",49.475,44,39.139,52.089,45.937,"Class3",63,"L",17.805
60.594,19.167,52.881,"Y",82.483,39,31.284,18.345,84.394,"Class4",40,"O",34.06
NA,14.906,1.027,"S",90.678,71,90.163,39.915,97.141,"Class2",35,"R",67.229
58.532,49.405,51.301,"P",87.562,38,32.068,24.791,84.671,"Class4",41,"O",29.445
44.04,34.063,51.162,"K",88.099,67,33.138,39.588,82.704,"Class4",41,"K",40.978
80.121,40.335,-0.094,"S",83.721,67,83.342,35.435,97.817,"Class2",57,"T",68.015
NA,44.33,3.789,"B",73.096,61,57.149,49.731,64.706,"Class1",43,"B",64.116
54.068,25.091,77.159,"Y",95.761,70,47.61,42.002,82.731,"Class4",40,"M",36.972
84.759,46.864,-0.144,"E",88.767,41,56.011,37.791,98.84,"Class2",54,"F",63.641
48.471,45.537,62.762,"Y",88.075,73,13.109,18.355,82.024,"Class4",41,"I",32.323
56.862,43.67,49.767,"P",90.834,25,46.805,22.713,83.578,"Class4",40,"O",33.761
71.137,23.999,0.217,"E",87.965,69,90.984,42.107,97.162,"Class2",58,"H",68.044
46.598,50.945,41.449,"P",88.683,70,26.799,33.409,82.991,"Class4",41,"Q",35.502
89.186,23.802,1.177,"S",85.872,61,88.925,27.987,97.957,"Class2",58,"N",73.506
57.441,43.994,19.476,"H",33.978,66,12.231,41.892,62.727,"Class1",46,"J",67.845
57.256,48.596,57.006,"Q",87.827,35,20.797,46.929,82.389,"Class4",40,"K",32.155
71.248,35.758,48.242,"R",87.135,48,7.182,33.554,84.357,"Class4",41,"Q",38.414
43.249,37.016,12.47,"Z",29.686,60,44.17,39.089,61.332,"Class1",46,"B",73.144
55.578,9.101,0.48,"O",82.021,60,65.745,28.549,98.666,"Class2",40,"R",56.938
60.757,40.133,8.662,"H",63.157,69,55.868,50.463,56.417,"Class1",44,"S",66.25
73.406,35.107,1.674,"S",87.945,77,63.665,40.105,97.66,"Class2",44,"F",61.722
40.599,34.595,42.693,"K",86.822,69,48.18,32.5,82.292,"Class4",40,"O",38.012
14.214,86.456,48.21,"Q",36.238,51,41.086,57.526,44.119,"Class3",60,"L",5.842
34.244,90.665,45.57,"Q",48.371,43,39.978,59.635,49.79,"Class3",64,"V",10.031
64.689,37.947,19.205,"Z",50.521,54,57.445,40.525,59.909,"Class1",46,"Q",69.47
41.355,51.648,66.567,"Q",85.831,72,45.651,35.478,84.639,"Class4",40,"K",30.474
31.85,89.747,40.275,"Q",45.972,38,41.759,57.113,53.257,"Class3",63,"V",14.143
47.321,30.706,8.461,"B",62.557,51,36.258,48.972,55.22,"Class1",43,"S",69.65
26.736,87.233,42.787,"Q",53.128,39,40.311,53.932,47.127,"Class3",63,"V",10.171
45.168,25.414,27.091,"O",59.926,62,52.143,46.651,57.338,"Class1",44,"J",75.005
57.845,16.469,0.756,"T",88.306,61,73.426,28.467,97.386,"Class2",51,"H",76.869
48.498,22.216,82.86,"R",94.206,57,32.974,44.596,84.359,"Class4",40,"K",39.232
34.134,25.488,0.408,"S",91.137,75,87.727,44.819,97.328,"Class2",57,"N",57.772
18.839,85.105,47.404,"Q",31.6,38,39.029,56.266,69.557,"Class3",61,"J",11.604
64.88,50.631,26.157,"P",89.787,77,10.161,35.08,82.867,"Class4",41,"K",36.595
12.289,87.785,47.966,"M",42.283,46,41.434,58.403,23.399,"Class3",64,"L",20.421
49.319,27.525,1.454,"T",88.507,60,78.868,43.677,97.862,"Class2",63,"T",60.88
NA,31.207,0.672,"J",86.762,52,68.216,32.475,97.415,"Class2",54,"N",68.013
75.395,26.161,0.697,"T",83.802,49,88.814,24.641,97.373,"Class2",36,"H",78.371
18.432,88.68,44.127,"Q",75.475,44,40.755,58.765,31.397,"Class3",68,"B",1.003
45.453,54.674,76.398,"Q",92.118,29,7.441,29.105,84.912,"Class4",40,"O",32.565
20.975,86.362,39.551,"M",49.002,52,41.445,68.266,30.098,"Class3",69,"L",15.456
16.662,88.41,44.083,"M",40.824,40,41.976,49.778,78.279,"Class3",66,"K",5.127
37.451,39.971,64.886,"R",89.56,48,42.706,39.252,84.007,"Class4",40,"K",39.408
68.552,9.025,0.986,"E",86.367,47,66.581,42.185,97.818,"Class2",57,"T",62.422
38.88,54.431,54.481,"K",85.876,47,36.7,36.954,82.12,"Class4",40,"I",28.938
42.282,46.458,0.549,"S",82.714,66,89.128,25.802,98.103,"Class2",56,"H",61.027
43.423,26.194,65.215,"R",82.411,47,42.477,20.982,83.189,"Class4",41,"I",34.367
66.62,24.942,0.969,"S",81.632,66,79.403,45.673,98.68,"Class2",47,"R",56.254
68.263,26.664,0.308,"T",85.773,68,87.891,39.17,97.782,"Class2",54,"N",66.38
62.469,44.625,24.059,"Z",17.46,58,50.595,42.719,63.454,"Class1",46,"J",67.671
54.036,30.168,60.854,"K",90.417,27,8.796,28.021,84.852,"Class4",41,"K",32.109
NA,28.515,13.79,"O",112.798,54,53.703,46.822,56.373,"Class1",46,"J",73.342
63.084,39.618,31.576,"P",87.099,41,11.687,29,84.414,"Class4",40,"I",34.832
56.254,30.194,26.128,"O",36.981,52,47.743,45.269,55.024,"Class1",44,"O",75.156
52.488,29.378,24.682,"H",45.985,50,15.631,46.354,65,"Class1",42,"J",70.516
61.5,32.31,27.698,"O",30.079,54,23.334,41.21,60.69,"Class1",43,"S",73.943
50.429,56.928,94.27,"Y",87.999,31,23.079,22.376,82.162,"Class4",41,"K",37.067
79.274,18.533,1.484,"J",77.703,38,78.898,29.112,97.72,"Class2",66,"N",76.92
86.677,11.68,1.877,"O",86.162,68,85.395,29.382,97.499,"Class2",42,"T",65.177
46.993,22.203,0.838,"J",79.459,60,71.545,36.479,97.869,"Class2",60,"R",71.641
98.269,17.445,0.137,"S",85.809,68,63.21,25.059,97.712,"Class2",52,"N",59.429
55.371,37.373,58.434,"Y",86.958,31,50.417,31.38,82.399,"Class4",41,"M",30.289
68.151,53.739,23.511,"R",82.071,48,14.803,27.126,83.982,"Class4",41,"K",34.004
63.822,27.621,23.756,"D",37.995,57,13.497,42.523,56.807,"Class1",46,"S",68.017
48.702,17.355,67.715,"R",89.741,64,45.622,38.918,83.606,"Class4",41,"M",31.752
56.339,29.187,13.915,"H",61.304,67,57.489,52.199,62.479,"Class1",44,"Q",67.878
44.613,55.667,33.333,"P",93.01,49,50.839,36.044,83.093,"Class4",41,"K",36.895
28.619,89.028,51.754,"K",60.103,51,39.085,56.483,57.02,"Class3",65,"L",2.736
56.869,34.723,40.775,"P",92.406,37,18.656,21.606,83.194,"Class4",40,"I",33.015
55.654,36.587,8.331,"D",60.825,54,34.983,54.979,62.809,"Class1",43,"S",67.481
42.11,24.886,0.702,"O",87.406,41,57.54,41.702,97.664,"Class2",41,"H",58.127
17.606,89.745,38.932,"K",67.766,50,41.28,NA,71.785,"Class3",66,"V",9.722
55.04,28.092,1.533,"O",87.604,74,55.56,46.188,98.486,"Class2",57,"F",73.831
53.134,38.924,25.982,"O",69.537,61,60.471,46.48,60.732,"Class1",42,"J",71.708
30.099,89.683,44.262,"M",54.282,41,41.754,49.386,50.267,"Class3",62,"B",7.074
60.648,29.819,0.956,"J",86.878,45,88.993,41.181,97.952,"Class2",41,"H",75.685
75.176,26.953,0.394,"J",90.115,52,60.646,23.307,97.039,"Class2",57,"T",76.377
56.651,50.692,52.71,"P",87.872,67,13.035,45.689,84.741,"Class4",40,"Q",33.918
42.898,48.117,71.066,"Q",90.094,77,35.43,22.952,82.241,"Class4",41,"K",33.158
6.94,90.208,46.822,"T",50.444,39,40.063,46.349,64.303,"Class3",65,"K",7.739
11.472,90.8,45.164,"T",42.172,48,41.513,59.371,52.38,"Class3",67,"V",15.52
50.567,42.015,54.506,"P",90.858,44,51.882,26.244,84.396,"Class4",40,"I",32.671
59.513,43.996,8.408,"B",30.828,66,29.079,52.29,54.081,"Class1",44,"S",68.576
68.414,30.321,0.665,"T",81.088,36,83.062,37.422,97.25,"Class2",52,"F",68.668
88.656,34.265,0.111,"S",90.063,73,64.692,38.035,98.825,"Class2",43,"T",55.051
53.434,33.417,12.903,"D",60.559,70,48.412,49.117,53.719,"Class1",42,"J",75.018
NA,85.503,47.142,"Y",51.183,51,39.77,54.834,24.289,"Class3",62,"B",16.559
50.208,52.757,22.795,"P",83.842,28,35.677,30.44,84.191,"Class4",40,"M",32.26
16.129,87.349,49.195,"Y",54.902,46,41.819,59.031,37.777,"Class3",66,"V",4.92
62.022,25.749,21.285,"B",28.482,59,39.172,45.027,63.987,"Class1",43,"O",73.446
81.943,19.988,1.333,"J",85.074,49,91.033,24.095,97.331,"Class2",40,"H",64.817
70.036,38.367,13.516,"H",29.845,56,20.981,43.273,68.604,"Class1",43,"Q",66.13
68.075,38.239,13.542,"D",67.988,55,24.832,41.539,66.574,"Class1",45,"S",74.535
NA,90.027,49.31,"K",60.417,37,39.246,67.876,71.57,"Class3",63,"B",19.1
65.815,23.746,2.778,"S",82.971,67,79.989,29.753,97.485,"Class2",53,"F",73.177
71.368,22.348,0.432,"J",87.384,75,78.046,37.659,98.282,"Class2",44,"F",56.332
51.733,22.742,49.975,"P",90.059,52,38.955,34.468,82.216,"Class4",41,"M",40.692
39.789,10.112,1.717,"T",86.779,55,92.758,33.518,97.525,"Class2",67,"H",64.811
18.683,85.077,38.536,"Y",30.208,48,40.327,55.599,20.657,"Class3",64,"B",16.722
10.898,90.619,50.477,"T",61.92,46,39.812,55.778,76.341,"Class3",60,"K",6.452
21.716,86.163,45.335,"Q",25.902,37,40.505,59.198,73.979,"Class3",67,"L",7.722
61.412,31.005,0.085,"E",88.208,77,71.815,21.396,97.413,"Class2",52,"H",69.288
55.737,35.91,21.64,"D",61.027,67,12.54,44.609,56.258,"Class1",46,"J",71.436
58.092,39.056,0.892,"T",86.697,46,81.642,32.429,98.051,"Class2",39,"N",78.203
27.917,87.982,39.547,"Y",16.397,51,41.86,67.976,79.058,"Class3",62,"B",12.249
74.837,35.772,70.504,"Y",80.583,75,37.999,22.118,83.188,"Class4",41,"I",38.754
85.343,36.151,0.948,"T",86.166,76,75.073,34.538,98.557,"Class2",33,"H",58.459
56.753,43.871,10.061,"O",35.198,70,13.948,48.696,64.373,"Class1",45,"S",67.681
49.641,29.591,13.088,"D",65.828,58,8.295,42.971,59.438,"Class1",43,"Q",64.5
56.619,48.584,28.138,"P",90.759,49,40.064,32.993,83.709,"Class4",41,"O",31.52
58.387,20.36,34.078,"P",83.416,21,29.411,25.392,83.033,"Class4",41,"M",36.491
58.059,24.384,1.19,"S",85.345,56,64.519,34.092,98.095,"Class2",64,"H",54.087
5.067,85.529,54.428,"M",42.16,40,40.719,53.707,56.079,"Class3",60,"L",14.625
NA,43.133,68.113,"P",87.521,55,37.18,33.288,83.222,"Class4",40,"M",28.973
39.3,44.902,46.318,"P",83.318,20,7.578,41.424,82.225,"Class4",40,"I",29.484
82.006,40.818,1.685,"O",81.399,53,91.411,30.746,98.527,"Class2",64,"N",71.865
23.511,89.007,45.926,"T",66.84,46,41.248,53.912,49.094,"Class3",63,"L",14.382
64.192,29.595,1.601,"J",78.702,70,69.367,23.666,98.173,"Class2",60,"T",69.96
17.561,86.338,38.985,"K",47.416,41,39.445,49.251,31.491,"Class3",61,"V",23.507
42.584,39.25,1.755,"O",89.141,65,92.579,35.949,97.724,"Class2",67,"T",75.699
73.799,24.364,0.891,"E",85.794,66,63.087,37.118,98.928,"Class2",52,"N",66.756
53.518,42.805,28.886,"O",84.969,50,9.577,NA,61.735,"Class1",44,"Q",69.305
49.217,41.43,67.406,"Y",81.253,40,48.548,28.359,82.416,"Class4",40,"Q",28.463
80.097,16.043,1.413,"S",86.837,64,78.966,37.872,98.39,"Class2",50,"H",56.442
70.345,45.983,10.844,"Z",92.269,70,18.617,42.39,53.721,"Class1",46,"J",71.839
91.95,32.57,1.104,"J",82.59,36,83.009,32.634,97.602,"Class2",41,"H",70.639
51.324,31.851,71.329,"K",83.421,64,7.7,24.958,82.088,"Class4",40,"Q",31.438
84.761,36.235,1.799,"E",84.001,46,85.749,27.056,97.19,"Class2",47,"N",72.195
32.988,23.077,1.409,"T",87.555,57,66.436,30.612,97.104,"Class2",67,"F",62.003
24.991,87.752,42.806,"T",38.403,49,39.508,56.623,30.351,"Class3",66,"B",14.014
58.823,43.241,25.197,"O",50.82,52,59.287,41.47,64.989,"Class1",45,"B",68.96
48.793,42.098,11.199,"B",38.061,55,15.671,47.508,64.708,"Class1",43,"B",66.41
56.296,36.825,16.366,"B",67.145,59,22.168,46.374,58.405,"Class1",42,"J",72.818
44.292,19.254,47.373,"Q",85.23,41,34.459,35.672,82.956,"Class4",41,"O",40.368
53.226,38.902,0.915,"J",86.718,48,88.301,33.202,97.4,"Class2",61,"T",63.646
6.725,89.565,44.229,"M",66.831,43,41.796,NA,52.785,"Class3",63,"B",20.586
NA,13.07,-0.146,"T",84.148,54,63.951,38.649,97.486,"Class2",58,"H",65.761
40.078,33.992,1.863,"E",92.751,36,55.628,34.617,98.002,"Class2",41,"H",77.408
52.14,19.002,84.295,"Q",87.299,65,40.336,33.73,83.813,"Class4",41,"I",36.575
54.792,36.816,23.554,"Z",44.819,51,32.297,39.22,59.953,"Class1",44,"S",73.998
57.63,18.175,18.849,"Y",88.205,35,27.154,34.043,84.706,"Class4",40,"K",31.323
73.589,40.738,10.686,"B",66.768,55,48.804,54.214,55.343,"Class1",42,"Q",75.45
38.567,34.662,81.821,"Q",88.159,48,51.991,23.911,83.243,"Class4",41,"K",29.872
24.034,87.888,47.967,"T",47.268,45,39.703,60.206,56.222,"Class3",64,"K",10.227
10.975,89.396,51.043,"K",58.478,45,39.454,NA,75.57,"Class3",65,"L",12.718
57.067,38.07,58.082,"Q",90.265,37,11.454,33.831,84.838,"Class4",40,"M",30.472
104.745,14.576,0.661,"E",94.721,41,61.254,30.2,97.063,"Class2",48,"R",64.877
50.023,37.832,1.715,"J",85.046,73,72.539,35.636,98.753,"Class2",54,"F",78.224
33.668,88.668,43.744,"K",28.326,40,39.298,61.738,20.56,"Class3",64,"V",10.576
56.829,35.54,18.221,"B",70.174,55,50.459,47.326,66.81,"Class1",45,"O",69.567
60.879,44.648,11.013,"O",44.919,64,51.111,46.224,65.576,"Class1",44,"Q",70.513
73.367,12.951,3.115,"J",92.254,60,77.337,38.145,98.997,"Class2",44,"F",68.545
23.664,90.506,45.738,"Y",55.526,45,40.681,47.889,73.093,"Class3",65,"B",18.253
58.523,47.741,47.281,"Y",84.701,56,38.659,38.402,83.013,"Class4",40,"I",31.414
17.29,87.397,48.424,"M",56.304,51,39.703,60.245,37.201,"Class3",62,"K",23.811
27.124,88.957,43.745,"M",45.613,43,39.101,52.225,46.12,"Class3",60,"K",15.307
55.242,35.097,17.43,"H",62.057,63,53.486,42.951,60.049,"Class1",42,"S",72.478
53.513,57.151,32.714,"Y",82.176,56,8.083,37.416,82.345,"Class4",41,"I",31.484
83.913,10.928,1.742,"T",86.796,44,92.371,33.766,97.655,"Class2",66,"T",55.111
69.655,34.317,0.006,"J",82.481,40,60.747,44.978,97.232,"Class2",67,"N",73.416
68.042,32.437,10.435,"Z",54.305,62,34.763,46.206,65.016,"Class1",43,"S",74.679
76.732,27.766,1.042,"J",93.231,60,91.972,27.851,97.543,"Class2",56,"H",73.664
54.516,11.64,0.168,"J",84.931,45,58.986,32.78,97.363,"Class2",51,"F",73.598
21.786,86.244,50.499,"Q",76.894,40,40.522,61.354,21.062,"Class3",66,"J",17.658
31.88,86.892,52.527,"M",42.961,49,39.52,62.051,74.905,"Class3",66,"B",22.451
17.054,88.932,52.574,"Y",30.915,50,40.483,61.806,23.635,"Class3",64,"K",15.32
58.03,42.78,33.378,"P",93.228,47,49.655,27.743,82.411,"Class4",40,"I",34.227
53.019,38.402,15.07,"B",44.814,50,52.371,45.83,65.015,"Class1",42,"J",64.492
58.453,55.593,70.891,"Y",89.073,64,24.062,30.235,84.357,"Class4",40,"Q",34.2
60.765,19.24,66.13,"R",83.62,24,44.191,32.485,82.281,"Class4",40,"Q",32.404
55.814,17.11,58.563,"R",88.649,65,25.926,36.532,84.916,"Class4",40,"I",30.043
45.601,43.617,16.533,"D",28.714,60,9.329,50.928,52.654,"Class1",45,"O",69.046
20.495,88.246,43.424,"T",43.267,40,39.187,58.645,31.491,"Class3",69,"J",8.486
46.12,35.029,43.322,"Q",87.475,75,19.904,34.359,82.143,"Class4",41,"K",39.869
16.474,85.582,46.093,"Q",54.452,37,39.847,50.092,42.883,"Class3",66,"L",5.097
28.609,85.052,44.462,"T",73.344,40,39.67,64.446,79.728,"Class3",65,"J",19.748
76.482,28.087,1.031,"O",86.185,55,54.261,38.003,97.822,"Class2",65,"H",76.478
54.999,25.218,45.54,"Q",89.397,53,39.677,31.05,84.819,"Class4",40,"K",35.678
23.263,87.452,45.283,"M",42.567,45,39.27,52.282,60.475,"Class3",61,"L",20.947
32.231,53.52,36.045,"Y",91.171,56,10.93,33.035,82.967,"Class4",41,"M",39.468
24.623,88.704,43.275,"Y",93.034,52,39.725,56.254,26.093,"Class3",62,"V",22.815
86.082,12.931,0.048,"S",85.675,47,70.691,21.473,97.045,"Class2",61,"T",64.739
61.944,28.219,-0.214,"J",91.118,59,72.211,35.508,98.747,"Class2",52,"R",74.924
24.901,86.925,48.22,"T",48.358,50,39.25,60.385,37.699,"Class3",60,"J",10.879
55.179,47.411,0.224,"S",88.027,62,90.494,36.749,98.569,"Class2",40,"F",60.053
77.928,10.846,1.867,"O",83.126,45,84.484,26.887,98.996,"Class2",45,"R",71.879
22.209,86.112,45.801,"T",48.491,41,39.205,59.949,42.084,"Class3",65,"J",23.723
43.953,33.724,93.896,"K",85.06,49,40.103,30.018,84.888,"Class4",41,"I",33.949
64.606,44.078,17.243,"D",45.165,51,40.652,44.892,68.6,"Class1",42,"O",67.728
54.102,38.76,47.713,"R",84.709,25,18.529,17.889,82.95,"Class4",40,"K",33.206
58.402,40.589,22.46,"B",39.888,50,49.877,40.425,56.286,"Class1",45,"Q",65.617
51.57,27.821,28.721,"Y",92.908,35,27.314,41.586,82.383,"Class4",40,"M",38.499
52.022,20.144,60.761,"K",88.338,75,35.01,23.288,82.622,"Class4",40,"O",31.532
51.456,33.284,10.075,"Z",52.916,64,38.815,40.229,68.088,"Class1",44,"Q",69.019
86.51,32.93,1.132,"S",91.48,60,76.275,46.826,97.601,"Class2",60,"R",68.791
57.601,31.496,1.552,"T",84.973,62,75.055,NA,97.69,"Class2",48,"H",72.547
62.067,21.51,53.387,"K",83.316,53,45.696,29.05,84.282,"Class4",41,"K",31.459
NA,37.646,16.207,"B",43.111,68,47.03,50.011,53.239,"Class1",44,"Q",66.637
104.359,21.503,1.573,"E",83.163,63,78.202,40.131,97.656,"Class2",63,"F",55.441
24.048,86.949,38.172,"Y",57.878,40,39.23,60.413,76.382,"Class3",64,"K",8.74
85.715,16.528,1.725,"O",84.547,45,59.805,NA,98.477,"Class2",40,"N",55.496
44.937,51.272,91.08,"K",98.727,67,30.353,36.689,84.962,"Class4",40,"K",37.62
22.73,88.534,49.027,"K",53.089,45,39.055,65.27,30.977,"Class3",61,"J",5.849
35.638,26.487,57.055,"K",85.607,43,17.43,25.148,82.219,"Class4",40,"M",39.668
49.493,36.851,1.46,"H",44.884,62,34.906,44.411,66.949,"Class1",44,"B",64.614
52.296,28.956,67.647,"R",86.994,56,38.265,36.331,82.227,"Class4",40,"M",30.789
53.828,32.416,7.221,"D",35.892,57,45.264,41.225,61.761,"Class1",46,"Q",71.979
65.098,57.99,80.343,"Y",85.378,39,53.353,NA,83.554,"Class4",40,"Q",30.274
58.091,27.008,22.838,"Z",34.986,50,40.318,45.994,61.345,"Class1",43,"Q",66.315
65.422,31.434,17.97,"H",48.315,64,35.831,44.138,61.287,"Class1",42,"S",72.053
20.264,86.276,49.157,"K",37.06,52,41.928,59.213,49.572,"Class3",66,"J",7.098
67.607,32.104,1.516,"O",84.057,46,71.843,39.819,98.6,"Class2",46,"F",60.103
14.086,88.082,49.836,"Q",62.294,52,41.873,51.255,59.745,"Class3",61,"J",20.738
73.838,11.861,0.607,"S",84.421,38,64.527,33.076,97.156,"Class2",47,"R",70.99
43.33,38.215,0.438,"J",85.164,37,62.154,31.884,97.04,"Class2",55,"N",60.308
NA,86.981,41.106,"M",73.097,47,40.147,59.922,56.694,"Class3",68,"V",1.978
48.424,33.359,20.179,"D",77.595,60,32.757,49.957,57.826,"Class1",44,"O",65.99
70.661,40.295,1.076,"T",97.686,43,83.538,36.508,98.862,"Class2",61,"T",63.571
18.062,90.126,49.313,"Q",46.929,37,39.013,54.702,75.105,"Class3",69,"J",10.748
51.089,23.485,62.419,"Q",89.612,27,12.996,25.921,83.15,"Class4",41,"I",28.593
17.099,88.724,50.771,"M",57.388,48,40.366,53.284,50.173,"Class3",65,"B",19.373
48.129,26.727,2.484,"S",85.224,67,85.998,44.014,97.208,"Class2",54,"T",62.891
50.31,47.356,41.64,"R",88.38,51,39.332,29.179,82.756,"Class4",40,"I",37.259
53.349,31.274,23.997,"B",33.418,50,25.725,40.823,56.484,"Class1",43,"B",65.438
49.153,33.867,18.623,"D",55.938,67,20.587,48.527,67.897,"Class1",44,"S",64.223
55.305,28.429,21.821,"B",47.35,66,55.218,47.06,65.375,"Class1",45,"Q",66.727
66.497,29.389,0.885,"J",89.295,55,83.214,33.748,97.858,"Class2",39,"N",57.834
24.192,89.728,40.979,"M",48.183,46,40.473,53.911,33.634,"Class3",69,"K",7.373
40.372,29.816,2.012,"E",85.906,75,90.228,36.208,98.32,"Class2",44,"R",76.711
23.535,90.767,47.257,"T",58.799,42,39.613,59.33,53.927,"Class3",61,"J",4.808
44.155,39.054,0.501,"E",93.816,78,74.448,46.497,97.888,"Class2",65,"H",67.614
37.942,44.728,62.083,"Q",85.848,60,17.517,41.319,83.345,"Class4",41,"K",32.389
43.45,22.564,0.601,"E",80.785,67,51.463,29.415,97.969,"Class2",40,"F",57.077
58.287,42.671,9.45,"H",57.751,61,39.197,57.801,57.985,"Class1",42,"S",66.406
59.427,43.81,4.408,"H",28.754,64,23.11,50.197,62.255,"Class1",42,"S",64.808
43.928,54.269,67.69,"K",87.433,27,14.803,40.333,82.69,"Class4",40,"Q",38.437
45.886,45.545,0.331,"S",87.746,54,86.954,27.043,98.77,"Class2",64,"R",75.439
57.953,46.017,59.345,"Y",88.773,72,8.981,23.375,84.642,"Class4",40,"O",32.723
27.427,86.489,45.336,"Y",43.943,48,40.571,54.747,70.357,"Class3",60,"K",20.521
52.037,13.63,0.5,"T",91.579,74,50.485,24.192,98.745,"Class2",49,"H",58.377
96.365,11.574,2.53,"J",82.532,61,54.385,34.297,97.977,"Class2",54,"F",55.134
57.807,33.769,17.895,"D",59.687,56,13.785,44.258,54.201,"Class1",42,"J",67.724
15.517,87.377,54.021,"K",66.468,40,39.509,49.535,53.478,"Class3",69,"L",9.264
NA,17.123,1.121,"T",87.078,75,62.019,36.682,98.947,"Class2",52,"F",64.626
56.433,40.895,3.172,"Z",37.264,53,54.526,40.707,60.915,"Class1",43,"J",68.083
NA,38.13,0.109,"E",84.692,47,55.799,27.964,97.75,"Class2",60,"R",60.958
49.39,41.341,68.514,"Y",84.123,60,53.158,32.426,82.538,"Class4",40,"I",32.125
19.825,87.439,53.439,"Q",46.469,40,39.427,54.664,51.038,"Class3",69,"V",11.87
37.267,88.706,43.819,"Y",41.916,49,41.18,42.439,74.764,"Class3",66,"J",23.109
21.791,90.625,52.73,"M",30.77,49,39.953,62.187,55.505,"Class3",60,"K",10.043
32.215,89.614,48.263,"Q",47.012,44,41.289,49.521,38.047,"Class3",62,"B",11.261
12.481,89.957,48.25,"K",39.317,49,41.313,60.573,51.079,"Class3",68,"K",6.103
61.758,22.332,0.936,"E",89.529,68,61.876,40.08,98.189,"Class2",60,"R",70.864
NA,33.884,30.613,"K",89.231,75,38.608,NA,84.679,"Class4",41,"I",34.742
55.617,31.877,28.551,"Z",55.116,61,29.865,NA,61.66,"Class1",43,"O",75.981
67.575,30.252,22.314,"Z",64.711,67,29.729,45.033,56.501,"Class1",44,"O",69.852
26.567,86.864,48.999,"M",31.253,52,39.277,62.355,50.03,"Class3",63,"K",5.337
18.985,89.316,48.502,"T",32.34,42,39.315,65.77,43.534,"Class3",60,"B",2.777
67.479,35.178,26.75,"H",68.037,61,29.142,43.559,56.518,"Class1",43,"S",64.328
49.355,23.011,51.107,"R",88.881,65,47.78,43.741,84.756,"Class4",41,"Q",40.263
55.981,31.709,57.134,"Q",87.226,29,11.672,32.731,84.234,"Class4",40,"M",29.923
13.512,85.067,44.548,"Q",20.53,46,41.432,63.514,55.054,"Class3",69,"V",21.699
52.203,26.67,2.595,"Z",-4.227,63,43.227,46.149,62.371,"Class1",42,"O",70.489
32.623,87.452,43.817,"Q",49.29,46,40.095,66.032,71.831,"Class3",66,"K",6.859
63.582,26.562,10.894,"Z",34.814,58,26.102,47.088,66.764,"Class1",42,"J",66.25
NA,44.993,17.963,"D",40.156,56,44.359,44.965,53.391,"Class1",45,"J",69.114
58.119,34.108,10.674,"O",61.932,65,61.512,42.919,56.292,"Class1",42,"J",71.676
61.768,37.48,74.127,"P",84.545,73,29.796,40.828,84.29,"Class4",41,"K",36.076
58.606,34.833,21.462,"H",37.817,59,28.289,44.179,59.686,"Class1",44,"B",68.434
23.009,87.828,40.893,"Y",49.914,45,39.812,56.757,71.978,"Class3",64,"K",2.336
37.332,87.523,40.335,"Q",41.256,42,40.464,52.704,55.48,"Class3",68,"K",12.582
14.18,86.595,49.482,"M",37.409,43,40.876,57.388,25.538,"Class3",62,"L",7.385
28.338,85.558,44.369,"K",53.639,43,40.255,54.901,78.439,"Class3",67,"K",22.034
43.251,34.209,17.485,"O",82.488,67,17.579,48.148,64.361,"Class1",45,"O",65.403
81.719,29.88,1.236,"T",94.44,56,83.597,23.878,97.378,"Class2",60,"N",59.113
77.129,37.529,0.176,"E",89.579,36,61.124,32.597,98.771,"Class2",40,"T",62.01
60.097,40.29,19.392,"H",63.479,61,14.918,45.631,61.579,"Class1",43,"J",67.249
63.42,44.635,11.92,"H",55.44,55,38.65,NA,61.584,"Class1",43,"B",68.446
54.553,34.399,18.946,"D",54.012,65,54.33,52.864,58.994,"Class1",46,"Q",67.353
41.779,40.368,69.22,"K",98.327,27,20.602,36.458,83.535,"Class4",41,"K",34.761
55.142,38.832,14.589,"H",54.321,64,35.806,43.914,56.616,"Class1",44,"Q",73.783
58.112,35.53,11.954,"H",65.552,59,57.253,49.824,57.065,"Class1",43,"S",70.467
33.887,44.555,50.864,"Q",86.767,70,37.49,37.038,83.037,"Class4",40,"Q",40.249
NA,34.367,10.426,"O",62.531,54,18.119,50.987,62.17,"Class1",43,"B",65.749
51.904,33.94,24.387,"D",39.087,59,42.298,46.523,52.243,"Class1",43,"Q",74.558
62.268,35.991,5.75,"Z",35.428,64,20.196,43.124,63.956,"Class1",45,"Q",69.759
48.819,39.989,58.463,"K",87.158,62,17.575,34.725,83.576,"Class4",41,"O",39.192
23.464,90.435,40.773,"M",33.946,39,41.021,NA,50.783,"Class3",66,"K",12.995
50.583,25.401,0.367,"O",88.776,68,52.488,39.575,97.818,"Class2",49,"N",64.71
60.699,40.676,11.357,"B",95.519,54,60.527,48.903,53.585,"Class1",44,"J",64.411
70.515,15.61,2.717,"O",88.247,78,71.937,27.907,97.999,"Class2",44,"N",74.944
25.953,86.546,45.815,"Q",60.639,50,39.36,54.526,33.698,"Class3",66,"B",6.543
10.862,88.876,42.904,"K",54.284,49,39.316,50.037,70.925,"Class3",68,"K",11.358
45.853,41.212,34.55,"P",83.912,76,35.449,35.982,83.8,"Class4",41,"O",32.732
NA,85.805,48.769,"Y",75.978,50,40.133,53.172,58.075,"Class3",68,"L",21.17
53.838,41.944,1.173,"J",86.744,41,86.579,41.287,98.092,"Class2",48,"T",57.348
72.527,31.593,0.105,"J",84.847,70,77.574,40.185,98.005,"Class2",56,"N",63.567
27.441,90.249,50.73,"T",38.48,41,40.551,60.292,75.286,"Class3",61,"K",10.907
30.386,89.723,45.7,"Y",54.767,39,41.082,49.831,29.807,"Class3",60,"L",6.458
51.69,40.425,61.322,"Y",86.099,38,33.351,15.949,82.118,"Class4",41,"O",38.263
NA,89.531,42.683,"M",57.419,49,40.027,54.079,22.604,"Class3",67,"J",2.935
22.328,87.406,50.098,"T",44.26,46,40.136,62.326,70.796,"Class3",64,"J",11.497
21.403,87.83,53.409,"M",28.056,38,40.266,64.069,76.299,"Class3",61,"B",2.838
12.568,85.487,46.058,"Q",71.44,48,39.398,51.674,51.193,"Class3",67,"V",17.994
69.924,26.9,1.331,"E",89.572,38,55.572,36.592,97.864,"Class2",41,"H",71.996
69.916,20.05,0.853,"O",82.504,69,81.377,37.243,97.365,"Class2",54,"T",59.637
59.43,38.987,15.952,"Z",79.312,72,33.612,43.688,64.451,"Class1",46,"O",64.16
56.481,41.366,82.363,"K",87.251,74,13.331,36.806,84.407,"Class4",41,"Q",36.338
89.364,10.008,0.834,"T",85.376,75,54.898,24.666,98.627,"Class2",44,"F",60.466
30.015,85.879,55.871,"Q",71.541,39,41.161,54.976,72.579,"Class3",68,"V",1.956
53.529,44.978,41.135,"Y",94.096,43,28.508,34.342,83.627,"Class4",41,"M",28.39
54.072,40.194,22.588,"Z",45.409,50,37.417,46.579,65.235,"Class1",46,"O",75.085
15.601,89.266,45.062,"Y",51.651,51,41.054,55.546,50.71,"Class3",66,"L",17.923
NA,85.732,38.41,"Y",62.984,51,39.047,67.519,38.202,"Class3",64,"J",2.916
49.136,22.462,70.653,"K",84.54,56,23.915,NA,82.403,"Class4",40,"I",32.438
12.375,89.317,49.268,"Y",37.453,37,40.927,60.629,21.226,"Class3",69,"V",14.619
70.992,36.252,1.726,"S",88.277,58,50.712,35.674,97.842,"Class2",61,"R",54.496
25.423,87.61,50.551,"T",43.801,40,41.727,56.842,48.741,"Class3",68,"L",12.813
63.051,44.217,35.774,"Q",83.517,76,29.834,41.751,84.347,"Class4",41,"K",32.108
9.005,85.279,50.594,"T",56.015,41,41.614,60.013,61.912,"Class3",66,"K",15.667
62.788,22.002,0.265,"S",79.762,40,53.723,38.16,97.562,"Class2",43,"T",73.725
68.964,30.394,2.173,"T",85.137,55,64.231,36.929,98.464,"Class2",54,"R",55.632
58.055,43.952,4.821,"B",15.657,61,40.073,39.02,59.895,"Class1",46,"Q",72.623
52.117,36.168,27.921,"D",53.415,61,24.849,46.809,57.035,"Class1",43,"Q",72.479
22.099,87.342,45.366,"Q",27.095,44,40.051,NA,27.76,"Class3",67,"J",17.666
57.311,47.208,1.114,"J",87.113,36,90.696,35.652,97.268,"Class2",62,"T",69.156
19.062,88.421,49.542,"K",49.984,52,40.159,68.245,71.09,"Class3",66,"K",17.142
99.607,15.379,0.422,"S",91.719,38,49.906,38.817,98.498,"Class2",33,"R",56.113
49.393,40.224,0.855,"O",85.471,70,69.031,34.799,98.759,"Class2",51,"T",57.213
68.206,28.956,1.42,"E",90.686,37,82.815,29.451,97.788,"Class2",40,"R",79.376
22.125,86.07,46.088,"M",38.513,52,40.325,60.069,67.354,"Class3",64,"K",3.006
104.957,41.424,-0.247,"E",86.508,63,67.238,30.177,98.722,"Class2",37,"H",72.07
62.725,39.909,19.218,"H",43.177,53,41.048,41.293,54.21,"Class1",45,"J",70.619
53.632,29.055,32.842,"B",52.516,68,38.042,46.302,55.063,"Class1",46,"J",70.497
48.538,44.315,22.128,"D",72.837,60,53.222,52.106,56.604,"Class1",42,"B",70.419
37.14,90.236,49.878,"Q",76.821,48,40.13,53.265,43.783,"Class3",68,"V",11.142
50.281,50.748,79.489,"Q",88.041,27,37.109,34.952,83.654,"Class4",40,"Q",28.4
19.656,88.731,44.395,"M",39.542,43,40.319,58.374,47.317,"Class3",67,"K",2.632
56.278,34.957,28.334,"H",64.485,55,50.111,51.91,60.134,"Class1",44,"Q",70.682
64.786,13.713,2.457,"O",84.19,43,73.557,33.87,98.971,"Class2",64,"F",69.873
50.48,35.66,0.154,"S",90.668,48,49.982,42.051,97.656,"Class2",36,"F",70.324
60.969,28.332,1.294,"O",86.502,75,83.801,26.316,97.322,"Class2",66,"T",79.974
87.96,16.201,1.216,"T",86.527,72,78.999,26.704,98.101,"Class2",34,"H",66.409
NA,90.333,48.424,"Y",42.844,46,39.377,47.737,43.925,"Class3",62,"K",11.948
57.703,40.208,3.456,"D",42.66,69,15.938,53.339,62.892,"Class1",43,"Q",64.515
58.229,57.682,77.343,"P",91.789,22,41.692,34.884,84.864,"Class4",40,"M",33.53
NA,25.493,0.849,"J",95.955,64,63.342,29.499,98.703,"Class2",61,"H",60.417
58.085,42.286,2.194,"T",87.685,45,55.879,37.029,97.054,"Class2",39,"N",56.248
51.436,28.973,18.591,"O",51.14,54,48.18,44.536,53.715,"Class1",43,"O",71.931
53.564,42.01,43.71,"K",88.692,35,48.322,39.177,83.934,"Class4",40,"M",29.771
58.702,46.986,61.277,"K",91.312,47,7.964,34.566,84.207,"Class4",41,"I",39.028
52.947,51.006,49.682,"P",89.33,65,25.615,39.577,83.401,"Class4",40,"I",40.686
54.774,34.518,20.697,"B",45.559,66,26.477,46.431,68.757,"Class1",44,"S",73.087
22.575,86.372,48.121,"Q",38.939,39,39.053,65.369,30.918,"Class3",61,"K",7.275
63.107,18.697,48.804,"K",85.579,45,46.905,28.35,84.661,"Class4",40,"I",39.366
56.381,28.048,74.47,"Y",89.036,52,23.953,36.023,84.772,"Class4",40,"K",40.94
53.992,42.744,17.162,"D",59.795,66,15.095,48.876,57.348,"Class1",43,"Q",69.743
14.78,90.728,46.975,"T",51.194,48,40.565,51.099,31.231,"Class3",66,"V",10.85
32.954,89.715,43.326,"M",69.673,40,39.71,65.477,34.045,"Class3",64,"J",22.241
52.042,51.873,64.215,"K",85.793,71,30.058,32.774,82.538,"Class4",41,"O",32.53
49.048,44.621,53.934,"K",82.485,32,20.5,34.391,83.448,"Class4",41,"I",34.823
16.568,87.904,48.329,"Q",26.459,37,39.127,59.757,76.244,"Class3",62,"L",17.156
88.794,44.565,0.692,"T",84.799,75,73.043,37.209,98.14,"Class2",46,"T",61.896
69.064,49.294,51.088,"Y",88.697,72,22.721,34.82,84.487,"Class4",40,"I",36.326
59.271,38.655,0.595,"T",86.347,70,90.043,34.981,98.134,"Class2",38,"H",59.476
51.062,34.726,15.386,"H",41.195,69,10.362,46.802,63.763,"Class1",42,"Q",69.194
34.561,46.089,73.324,"R",82.56,53,32.473,22.684,83.611,"Class4",41,"I",40.039
38.573,21.676,47.742,"K",86.767,46,19.228,27.828,83.436,"Class4",41,"K",30.291
62.008,14.64,0.756,"T",85.085,59,72.233,29.018,98.193,"Class2",65,"H",67.543
61.791,41.281,19.192,"H",68.35,50,46,48.846,54.387,"Class1",44,"B",64.733
54.118,29.496,70.667,"R",90.231,69,44.563,36.247,84.023,"Class4",40,"I",29.859
41.436,42.029,58.142,"Q",89.817,24,45.74,27.8,82.762,"Class4",41,"I",30.255
103.116,26.991,0.853,"O",85.02,40,81.775,35.442,98.196,"Class2",60,"H",72.931
52.831,40.967,0.937,"S",89.951,47,78.984,39.423,98.481,"Class2",51,"N",55.476
NA,31.865,18.703,"Z",45.741,64,28.546,45.132,68.55,"Class1",46,"B",74.084
59.026,48.746,63.669,"K",92.224,49,50.498,33.271,83.081,"Class4",41,"I",29.503
46.025,29.89,24.777,"Q",94.352,54,16.815,34.444,83.972,"Class4",40,"O",36.898
46.592,55.738,44.684,"K",91.215,71,23.568,32.13,82.335,"Class4",41,"K",31.399
76.893,33.961,1.228,"O",91.134,69,66.091,32.157,97.177,"Class2",35,"T",59.02
71.225,31.11,0.965,"J",82.753,51,73.751,43.615,97.762,"Class2",46,"T",70.126
17.831,90.22,47.377,"Q",77.099,37,40.923,56.237,48.361,"Class3",63,"L",5.846
52.435,54.799,66.144,"Y",84.18,53,39.337,NA,84.25,"Class4",41,"K",28.711
43.842,27.418,30.094,"Z",53.514,69,53.788,47.265,67.855,"Class1",42,"S",71.412
31.811,85.747,48.11,"Y",47.813,41,40.458,59.059,57.032,"Class3",63,"V",7.7
56.409,27.143,31.505,"O",42.814,71,61.107,50.152,64.659,"Class1",42,"B",72.359
29.295,44.438,45.436,"R",88.558,63,7.222,17.989,82.715,"Class4",40,"I",28.414
45.336,37.969,84.343,"R",85.051,71,17.992,26.756,84.261,"Class4",40,"Q",38.534
31.371,85.832,38.168,"Q",55.549,50,40.244,54.643,39.867,"Class3",64,"L",22.827
63.407,28.919,56.327,"R",84.71,61,53.727,27.358,82.967,"Class4",40,"K",30.009
55.204,39.288,8.301,"H",30.781,66,54.284,43.957,53.988,"Class1",45,"Q",69.264
54.844,29.121,6.041,"O",36.923,52,26.39,42.838,57.804,"Class1",42,"S",64.551
NA,42.488,13.597,"O",78.504,50,58.068,42.097,59.537,"Class1",46,"J",75.141
67.675,38.144,17.718,"B",36.206,56,23.77,49.879,58.788,"Class1",45,"O",73.738
125.025,10.201,0.679,"S",86.504,62,75.631,27.426,98.712,"Class2",60,"R",78.795
19.476,85.468,52.284,"K",52.277,46,40.125,55.157,72.534,"Class3",62,"J",21.738
95.746,42.722,0.91,"O",88.179,56,55.979,29.919,97.248,"Class2",36,"N",79.69
58.227,36.651,1.828,"B",34.95,64,14.311,45.52,68.898,"Class1",44,"B",66.286
19.567,88.107,51.242,"Y",63.1,46,40.113,56.413,59.974,"Class3",63,"B",22.236
57.428,26.465,1.892,"T",89.43,74,88.023,40.986,97.736,"Class2",40,"R",78.937
91.21,43.506,1.218,"E",86.913,59,50.071,31.777,98.426,"Class2",35,"R",71.036
NA,40.762,44.449,"Q",86.827,61,37.293,19.714,82.065,"Class4",41,"I",30.77
39.228,28.05,40.292,"R",87.671,72,32.167,33.781,82.649,"Class4",41,"I",30.389
61.012,30.638,67.407,"Y",89.091,59,18.828,33.789,82.333,"Class4",41,"I",39.318
26.349,85.252,54.619,"T",48.565,40,39.394,55.08,45.831,"Class3",68,"B",8.225
34.856,86.399,47.847,"Q",85.135,48,40.664,60.256,72.639,"Class3",63,"J",4.5
61.18,26.692,36.033,"H",67.319,62,53.746,47.607,52.089,"Class1",45,"Q",71.384
58.94,30.571,0.672,"O",89.232,71,71.231,36.584,98.278,"Class2",51,"T",59.477
81.551,24.368,1.835,"S",92.508,54,81.609,35.532,98.099,"Class2",41,"H",64.248
22.141,85.971,51.051,"Q",47.859,42,40.12,52.986,30.672,"Class3",64,"J",20.492
68.546,32.151,71.114,"K",91.168,22,24.053,34.95,83.08,"Class4",40,"O",39.1
53.184,42.284,14.664,"Q",86.222,58,8.017,32.024,82.034,"Class4",41,"I",29.647
67.785,25.777,26.705,"D",12.453,52,43.048,45.28,53.984,"Class1",44,"B",64.433
17.221,89.005,50.423,"M",61.374,42,41.599,54.078,58.123,"Class3",65,"K",15.618
59.294,37.025,20.688,"B",51.774,54,60.525,44.789,66.333,"Class1",45,"B",64.964
80.961,27.448,0.508,"S",83.398,37,69.203,34.266,97.197,"Class2",62,"T",76.167
62.21,43.935,14.517,"Z",76.542,63,46.337,37.649,67.192,"Class1",46,"O",65.475
51.887,30.912,13.235,"O",83.183,56,41.368,48.886,65.666,"Class1",46,"S",64.153
58.763,29.198,20.156,"B",50.72,66,49.466,NA,66.293,"Class1",43,"Q",74.176
42.752,31.143,62.888,"Q",90.572,71,11.469,35.549,84.884,"Class4",40,"Q",30.549
93.321,13.588,-0.02,"O",84.76,40,58.859,30.775,98.094,"Class2",61,"N",61.378
62.6,27.923,41.726,"K",90.987,75,47.251,43.807,84.308,"Class4",40,"Q",32.532
49.106,39.944,31.298,"O",56.437,53,23.419,42.239,64.575,"Class1",44,"Q",65.851
28.37,90.262,43.716,"M",63.474,47,40.718,55.871,69.006,"Class3",61,"J",20.371
50.517,29.5,20.885,"O",34.308,61,42.276,54.468,54.513,"Class1",43,"J",74.239
26.744,89.331,51.586,"Y",59.446,42,39.943,61.229,66.756,"Class3",64,"K",2.085
41.704,16.861,44.136,"R",84.962,30,42.685,38.208,84.799,"Class4",40,"M",33.933
69.828,41.788,67.112,"R",88.284,57,17.765,23.383,82.311,"Class4",41,"I",30.14
58.345,47.782,0.238,"O",85.107,61,82.165,25.203,98.712,"Class2",55,"R",78.831
56.169,42.121,25.941,"D",70.962,55,55.382,45.488,63.935,"Class1",44,"S",75.25
61.689,43.594,91.321,"P",82.498,63,18.049,32.701,82.298,"Class4",40,"O",36.76
71.278,25.801,9.648,"H",40.004,71,29.163,44.427,66.021,"Class1",42,"Q",73.755
18.144,85.638,43.194,"Q",31.827,51,40.222,54.674,24.936,"Class3",69,"K",9.969
49.128,38.254,1.186,"T",82.786,78,76.19,27.363,98.958,"Class2",48,"T",69.478
47,45.429,14.463,"B",58.501,59,52.271,45.416,56.179,"Class1",45,"S",67.956
52.903,42.778,22.864,"O",74.745,72,30.412,44.211,65.474,"Class1",44,"O",70.866
71.595,44.341,2.325,"J",79.934,43,88.291,32.05,98.36,"Class2",42,"R",61.802
54.213,26.457,65.014,"Q",87.205,41,17.092,24.602,83.701,"Class4",41,"O",30.67
51.458,31.518,20.465,"D",35.971,60,9.492,45.574,65.287,"Class1",44,"O",65.9
46.476,43.742,57.779,"P",87.275,54,26.816,33.324,84,"Class4",40,"O",38.88
62.562,49.251,72.693,"R",95.035,31,32.113,37.814,84.347,"Class4",41,"K",35.423
11.392,85.917,49.374,"M",63.518,45,39.67,68.748,31.385,"Class3",64,"L",11.597
25.094,87.388,41.909,"Y",43.619,43,41.928,52.723,20.51,"Class3",62,"L",16.215
59.528,38.165,24.502,"D",61.199,57,38.071,46.378,65.648,"Class1",45,"B",64.384
55.404,39.548,81.347,"P",86.248,38,25.275,35.579,83.656,"Class4",41,"Q",36.631
86.157,32.094,1.713,"O",83.997,78,72.356,NA,97.339,"Class2",35,"T",56.179
62.025,34.263,33.126,"K",88.688,26,31.04,21.761,83.986,"Class4",41,"I",36.741
55.086,43.415,51.247,"P",90.76,32,31.197,25.81,82.122,"Class4",41,"I",35.34
65.128,45.195,31.522,"B",71.443,64,53.942,51.902,65.313,"Class1",46,"J",74.569
50.81,40.514,11.587,"B",45.661,62,54.499,49.29,61.339,"Class1",43,"B",71.988
4.25,86.184,45.438,"T",49.43,39,40.832,54.247,73.482,"Class3",67,"B",21.077
NA,39.032,18.985,"H",28.544,56,51.745,53.796,60.984,"Class1",42,"B",74.051
67.983,37.498,16.667,"D",49.717,68,52.069,50.56,66.151,"Class1",44,"S",66.132
94.834,10.021,0.33,"O",85.387,73,80.928,27.659,97.665,"Class2",59,"N",74.804
8.257,88.835,44.374,"K",61.022,46,40.937,52.949,67.774,"Class3",60,"V",2.376
19.682,85.766,55.709,"Y",41.832,37,39.267,58.704,60.642,"Class3",61,"L",10.194
16.876,86.386,44.575,"K",55.934,40,41.022,61.265,36.242,"Class3",65,"B",9.342
35.965,18.528,56.336,"R",87.493,71,17.656,35.131,82.75,"Class4",40,"O",36.086
61.019,23.271,47.781,"K",92.417,77,10.739,43.814,83.856,"Class4",40,"Q",37.569
54.801,38.726,19.61,"Z",71.025,71,60.831,45.221,64.309,"Class1",46,"Q",69.404
47.182,45.343,63.259,"K",86.34,26,44.822,33.283,84.787,"Class4",41,"Q",37.887
82.676,9.746,0.328,"T",86.559,74,87.305,43.738,98.52,"Class2",50,"T",65.139
10.515,89.863,53.686,"T",30.958,46,39.089,52.623,73.574,"Class3",66,"V",9.97
NA,23.762,2.042,"E",96.862,72,67.564,21.299,97.001,"Class2",66,"R",64.175
56.348,27.741,5.91,"H",63.234,62,45.176,47.148,61.227,"Class1",45,"J",74.329
25.423,89.548,52.02,"Y",34.541,40,41.327,58.957,71.161,"Class3",65,"L",8.155
61.976,47.545,49.384,"Q",87.765,55,27.797,33.022,82.833,"Class4",41,"I",32.465
56.961,39.764,19.46,"O",41.287,55,47.67,41.634,63.143,"Class1",44,"J",64.801
20.613,88.251,43.346,"Y",31.913,46,40.481,NA,22.556,"Class3",64,"B",15.579
35.551,15.715,-2.218,"P",82.429,19,20.584,28.427,82.107,"Class4",41,"Q",40.325
11.568,90.079,45.275,"M",37.502,49,41.76,56.844,74.779,"Class3",65,"K",2.636
46.105,47.844,64.668,"K",89.237,76,12.624,29.781,83.864,"Class4",41,"O",38.278
45.779,30.353,81.601,"P",85.571,57,14.077,21.233,82.298,"Class4",41,"K",40.018
3.662,85.462,46.376,"Y",44.486,50,39.333,55.32,52.092,"Class3",66,"J",22.14
68.007,37.769,0.506,"T",81.837,50,66.17,43.962,97.871,"Class2",59,"T",73.251
28.737,20.939,57.793,"P",80.891,74,25.963,31.899,83.728,"Class4",40,"Q",39.938
NA,41.493,8.993,"B",41.003,56,21.375,49.556,53.875,"Class1",44,"S",74.793
65.905,27.572,21.79,"Z",63.517,67,53.458,42.199,67.662,"Class1",46,"J",74.282
32.212,89.047,46.348,"T",62.738,40,40.055,57.292,50.857,"Class3",64,"J",14.995
12.574,85.596,53.258,"Y",22.236,38,40.458,51.829,48.044,"Class3",64,"V",9.97
60.084,36.987,7.292,"H",58.249,63,26.28,34.445,62.283,"Class1",45,"Q",73.131
53.817,19.351,53.158,"P",82.765,66,46.177,34.09,82.095,"Class4",41,"I",31.138
28,87.079,47.887,"T",67.491,47,41.566,59.697,27.33,"Class3",60,"J",18.801
67.673,27.737,2.293,"O",85.074,78,72.31,27.634,98.965,"Class2",65,"F",71.509
31.888,32.914,26.063,"R",93.254,20,29.914,22.503,83.622,"Class4",40,"Q",33.853
23.527,89.712,58.587,"M",44.355,41,39.37,50.418,64.836,"Class3",69,"K",2.132
61.223,25.121,2.22,"S",90.724,37,86.049,31.078,97.633,"Class2",64,"H",67.24
42.538,55.346,59.579,"K",86.058,66,17.18,39.392,84.964,"Class4",41,"I",38.261
63.931,37.3,7.141,"D",43.011,50,46.765,48.295,58.809,"Class1",42,"O",68.705
27.283,85.62,44.588,"T",43.082,44,41.975,58.242,69.361,"Class3",67,"K",20.418
83.684,33.768,0.803,"T",85.477,42,79.217,38.804,98.162,"Class2",42,"R",63.852
NA,50.998,58.904,"Q",83.77,47,34.928,35.253,83.663,"Class4",41,"Q",40.058
60.865,44.197,65.059,"P",94.076,21,19.799,18.606,82.965,"Class4",40,"Q",29.319
60.989,30.363,16.664,"H",45.701,70,54.301,48.143,60.178,"Class1",45,"J",73.795
NA,85.533,46.547,"K",44.947,38,39.669,NA,41.253,"Class3",67,"J",23.633
53.112,35.664,31.291,"Z",50.769,71,38.738,48.792,62.975,"Class1",45,"S",70.33
54.647,37.655,70.977,"P",88.757,47,50.264,19.801,84.38,"Class4",40,"K",38.908
69.774,20.545,0.314,"E",86.013,59,86.188,34.375,98.744,"Class2",53,"N",79.577
41.024,21.371,59.503,"Y",96.091,73,34.062,29.495,84.653,"Class4",41,"Q",32.092
60.026,44.516,17.048,"H",66.428,54,37.377,37.688,64.392,"Class1",46,"O",74.335
22.911,88.146,45.23,"K",47.855,46,41.267,52.533,69.237,"Class3",62,"V",4.771
62.765,43.416,19.417,"B",49.894,50,43.474,48.276,68.652,"Class1",44,"Q",72.594
75.414,39.7,-1.251,"S",91.674,71,78.573,28.859,97.344,"Class2",44,"H",58.919
81.631,28.021,0.633,"J",79.136,67,78.007,27.777,97.334,"Class2",33,"R",74.116
10.752,86.401,44.224,"T",61.17,47,39.721,66.405,22.635,"Class3",68,"K",18.669
81.445,33.386,0.876,"S",84.5,41,66.567,NA,98.05,"Class2",53,"T",67.837
104.504,21.1,1.539,"J",81.054,70,65.717,26.588,98.413,"Class2",52,"F",58.117
63.631,26.427,1.359,"T",89.963,57,69.637,38.754,98.009,"Class2",52,"R",66.72
63.757,42.804,15.671,"H",42.393,57,36.73,41.945,58.659,"Class1",46,"O",67.195
39.809,13.553,0.763,"T",85.269,41,83.842,22.223,97.814,"Class2",42,"N",67.946
37.979,86.481,40.569,"M",40.308,45,39.186,42.657,73.989,"Class3",64,"B",6.747
50.754,28.203,16.292,"D",63.244,53,45.132,49.538,61.001,"Class1",43,"S",67.408
38.341,21.122,45.499,"R",88.052,30,34.957,28.828,84.853,"Class4",41,"O",39.58
14.717,87.992,45.945,"M",66.732,38,41.015,51.237,62.002,"Class3",61,"J",23.846
8.788,89.515,38.292,"Y",29.802,46,41.332,54.21,62.793,"Class3",63,"J",12.225
NA,89.661,53.268,"Y",42.196,49,40.414,61.466,79.157,"Class3",63,"B",11.779
54.093,38.647,21.944,"Z",71.621,53,41.309,47.124,65.923,"Class1",46,"B",69.864
58.386,28.699,26.355,"B",30.277,72,36.104,46.412,59.097,"Class1",45,"O",68.043
21.711,88.757,49.54,"Q",51.203,43,41.11,59.446,44.988,"Class3",65,"B",5.198
27.933,90.324,44.852,"Y",51.546,50,40.519,51.17,31.358,"Class3",60,"B",5.855
63.564,16.44,84.41,"P",87.391,44,53.574,33.375,84.999,"Class4",41,"Q",36.335
49.693,49.859,54.891,"P",83.108,45,47.917,21.604,82.652,"Class4",40,"K",37.653
30.541,85.42,48.937,"M",32.218,44,41.238,48.718,30.768,"Class3",64,"K",9.953
34.305,89.854,49.731,"Y",73.803,43,41.094,55.978,47.555,"Class3",65,"L",11.647
54.948,24.381,18.274,"Y",88.312,55,21.709,41.123,84.387,"Class4",40,"O",38.018
71.242,40.243,1.02,"J",87.363,68,54.549,36.329,97.914,"Class2",61,"T",72.186
60.491,42.517,18.969,"B",74.136,72,37.844,44.884,63.702,"Class1",46,"O",72.629
59.9,28.142,0.803,"J",82.744,55,52.087,NA,98.594,"Class2",49,"T",79.703
91.726,13.437,0.809,"S",85.411,77,49.592,27.706,97.871,"Class2",57,"R",62.804
16.641,90.542,41,"K",32.336,47,39.782,55.728,51.022,"Class3",65,"K",3.908
NA,16.76,0.171,"J",88.96,60,89.837,33.286,98.77,"Class2",51,"N",73.017
50.698,27.948,50.168,"K",84.846,30,48.058,37.45,84.987,"Class4",41,"K",34.358
17.93,85.812,53.389,"Q",33.422,37,41.18,63.299,78.427,"Class3",60,"K",22.11
78.948,13.057,2.034,"E",83.956,41,81.695,41.828,98.817,"Class2",64,"R",78.605
70.116,34.935,54.497,"P",84.494,40,36,31.941,84.515,"Class4",41,"K",31.322
47.384,37.312,57.374,"P",93.567,66,40.783,28.052,82.503,"Class4",41,"O",28.477
54.17,18.257,41.723,"Y",87.322,26,17.29,33.633,84.236,"Class4",40,"K",39.318
56.141,16.243,53.772,"Q",89.121,56,43.752,33.356,83.433,"Class4",40,"O",28.328
44.762,51.515,40.791,"Y",87.272,57,17.695,34.594,84.934,"Class4",41,"Q",35.677
45.693,51.772,61.821,"P",91.865,51,53.427,32.598,83.443,"Class4",41,"I",29.757
17.712,88.799,49.489,"T",30.761,38,41.552,67.976,29.682,"Class3",66,"V",18.938
80.801,41.008,1.558,"J",84.508,46,78.21,29.626,98.702,"Class2",63,"R",78.367
26.304,88.561,46.456,"Q",53.685,40,40.373,62.581,28.574,"Class3",61,"K",21.858
NA,20.758,79.627,"R",81.501,45,13.618,33.558,82.371,"Class4",40,"O",37.36
19.17,88.801,49.019,"Y",41.626,51,41.904,61.609,73.669,"Class3",64,"V",2.086
18.416,88.263,51.661,"Y",17.138,48,39.99,51.979,77.016,"Class3",65,"L",16.817
61.434,40.06,13.788,"D",65.764,69,32.657,41.714,68.584,"Class1",44,"S",68.44
13.225,87.881,54.977,"M",43.96,52,39.682,62.492,78.249,"Class3",66,"J",23.619
51.039,41.966,0.908,"J",90.225,57,77.055,30.191,98.377,"Class2",61,"T",76.721
55.352,39.811,61.724,"P",92.283,61,38.434,44.47,83.661,"Class4",40,"I",36.264
54.248,37.258,1.411,"T",83.614,69,61.186,35.192,97.807,"Class2",35,"T",78.004
NA,35.564,0.467,"J",89.796,53,62.327,37.07,97.319,"Class2",57,"H",60.641
50.457,53.622,52.733,"Y",88.502,73,22.311,40.552,83.532,"Class4",41,"M",40.495
47.191,43.724,47.884,"K",96.405,62,28.592,31.973,84.723,"Class4",41,"O",37.744
0.01,85.53,49.141,"M",47.34,52,40.914,60.866,35.367,"Class3",68,"L",6.641
100.455,40.824,1.23,"O",86.901,46,65.062,28.981,97.697,"Class2",57,"H",58.766
46.875,18.181,0.943,"E",82.4,39,72.024,43.381,97.271,"Class2",45,"T",62.196
73.538,28.507,1.623,"J",83.967,72,83.568,46.261,97.276,"Class2",53,"F",75.793
59.377,44.499,33.877,"O",73.45,68,25.04,52.762,54.59,"Class1",44,"O",71.378
71.007,32.46,49.8,"K",84.602,64,46.31,35.263,83.79,"Class4",40,"O",28.377
59.456,26.205,6.248,"O",51.17,59,27.73,51.266,52.147,"Class1",45,"B",73.161
22.544,89.703,47.769,"Y",47.054,49,41.996,43.981,39.607,"Class3",64,"K",15.293
55.579,28.89,27.842,"Z",64.182,56,38.372,49.206,60.784,"Class1",46,"S",72.62
63.13,27.273,2.096,"E",92.969,43,85.696,36.943,98.141,"Class2",59,"F",75.983
21.444,86.885,47.79,"T",48.475,43,41.239,46.574,29.266,"Class3",66,"K",9.622
19.812,89.856,45.302,"Q",48.379,52,39.969,52.839,36.682,"Class3",65,"K",13.456
28.572,38.522,62.106,"Q",87.046,68,16.185,NA,84.279,"Class4",40,"M",36.385
99.662,41.48,1.874,"E",86.275,66,52.197,36.343,98.227,"Class2",38,"R",70.265
63.885,35.589,0.892,"S",86.08,69,69.265,33.264,98.154,"Class2",63,"N",61.429
37.937,87.984,39.986,"M",39.752,52,41.96,55.162,22.346,"Class3",60,"J",7.5
28.502,85.532,45.749,"K",45.815,51,40.931,66.792,55.162,"Class3",62,"J",9.411
25.023,88.556,42.488,"K",51.06,49,40.708,59.51,35.327,"Class3",60,"J",17.487
72.214,49.613,71.052,"Y",94.822,66,42.093,40.269,84.823,"Class4",41,"I",28.043
109.899,17.325,0.773,"T",82.996,58,72.992,35.044,98.449,"Class2",39,"T",58.043
13.4,90.673,46.249,"T",57.724,48,41.686,64.624,53.167,"Class3",69,"B",19.802
74.749,36.47,1.755,"O",84.868,46,89.879,40.05,98.694,"Class2",33,"N",72.157
NA,44.482,1.311,"J",81.885,68,74.481,27.864,97.777,"Class2",60,"R",68.889
26.711,89.807,53.753,"T",39.771,41,39.04,51.721,32.43,"Class3",60,"L",19.414
14.111,87.91,40.629,"Y",45.678,40,40.775,47.111,66.76,"Class3",66,"K",20.871
106.839,10.102,1.92,"S",82.336,70,86.152,22.579,98.896,"Class2",40,"F",57.869
20.834,87.501,47.486,"Y",50.943,52,39.284,61.93,39.152,"Class3",61,"B",13.769
88.123,16.526,1.653,"O",82.886,66,84.102,33.919,98.926,"Class2",57,"N",75.843
66.738,35.296,33.284,"Z",62.148,64,23.789,38.61,62.342,"Class1",45,"S",71.454
50.047,26.082,9.799,"B",43.454,55,15.32,45.035,55.049,"Class1",46,"B",67.073
41.897,33.575,47.013,"Y",86.176,46,35.814,33.531,84.114,"Class4",40,"O",31.163
40.554,43.715,73.143,"R",88.291,50,40.866,27.763,83.913,"Class4",41,"O",35.434
65.466,31.374,20.772,"D",61.119,52,9.032,46.54,62.999,"Class1",45,"J",70.538
85.235,28.702,1.293,"J",88.737,55,52.995,34.071,98.777,"Class2",49,"F",70.972
67.106,42.605,35.635,"Y",92.374,44,9.274,27.932,82.092,"Class4",41,"O",30.943
49.052,23.022,68.074,"Q",86.789,69,21.928,33.135,84.736,"Class4",41,"I",34.276
30.334,85.163,41.382,"Q",44.328,39,40.404,44.138,39.086,"Class3",69,"B",5.188
68.468,18.978,0.866,"T",93.108,62,75.634,28.847,98.603,"Class2",38,"N",55.163
60.372,36.501,16.617,"H",54.779,71,9.072,45.883,65.532,"Class1",45,"Q",72.568
NA,55.174,59.08,"K",84.265,42,44.737,NA,82.484,"Class4",41,"M",34.345
67.551,46.967,33.774,"P",92.7,31,48.36,20.881,84.623,"Class4",41,"Q",33.786
9.568,86.231,47.358,"M",44.182,46,40.864,48.184,24.515,"Class3",63,"J",18.377
50.933,38.226,18.123,"Z",69.388,54,13.26,44.808,61.756,"Class1",45,"Q",67.703
37.7,28.632,69.484,"R",80.819,29,8.567,45.568,82.732,"Class4",40,"M",39.141
55.851,16.861,0.044,"O",84.893,59,86.527,33.658,97.939,"Class2",65,"R",72.653
61.166,40.609,28.043,"Z",62.333,50,8.098,46.439,58.541,"Class1",43,"B",65.175
33.893,86.082,51.907,"M",32.318,52,41.25,61.548,33.355,"Class3",61,"K",21.65
54.599,53.368,38.132,"P",87.449,52,33.735,37.714,83.114,"Class4",41,"I",33.196
67.425,26.521,90.503,"Y",91.123,70,52.823,24.094,84.421,"Class4",41,"K",28.266
48.186,25.158,57.811,"Y",92.47,64,46.224,28.645,84.888,"Class4",41,"O",28.415
70.887,31.513,0.524,"O",89.848,72,91.343,36.672,98.007,"Class2",40,"T",54.071
63.485,28.152,6.4,"D",15.4,51,37.158,44.662,53.371,"Class1",42,"Q",71.402
54.871,38.629,52.633,"P",85.805,55,22.679,30.071,82.202,"Class4",40,"I",36.683
53.58,25.09,38.565,"K",94.068,73,53.471,48.735,84.788,"Class4",41,"Q",39.69
56.88,11.922,1.837,"E",89.911,52,52.648,29.51,98.987,"Class2",34,"R",62.659
55.526,25.874,6.521,"O",72.775,69,24.508,44.103,62.827,"Class1",42,"J",72.053
45.573,38.253,18.063,"P",86.2,45,50.618,43.535,82.77,"Class4",41,"Q",37.998
59.632,17.821,54.508,"Q",88.189,26,42.939,38.46,84.925,"Class4",41,"I",33.42
23.061,89.672,46.641,"Y",30.683,37,40.895,60.064,57.604,"Class3",60,"L",8.21
64.769,23.526,48.753,"R",89.232,47,29.209,26.316,84.121,"Class4",41,"I",40.999
83.835,29.216,0.847,"O",92.677,77,70.59,34.795,98.157,"Class2",61,"R",70.567
65.038,33.972,0.968,"E",87.7,58,80.128,24.236,98.57,"Class2",62,"H",73.228
45.526,47.764,47.661,"K",87.633,68,52.314,35.172,82.322,"Class4",40,"M",30.039
85.774,15.39,1.311,"O",87.961,78,91.637,28.885,98.273,"Class2",67,"R",68.158
52.505,17.521,29.571,"Q",87.071,49,7.488,28.165,82.65,"Class4",41,"K",28.822
33.526,54.298,71.055,"R",89.238,77,10.571,37.324,84.748,"Class4",40,"Q",35.89
19.117,89.709,53.205,"M",53.625,38,41.766,49.308,65.784,"Class3",65,"V",16.22
57.935,27.466,22.157,"B",16.368,64,60.491,43.934,54.506,"Class1",43,"S",68.113
53.57,47.832,54.978,"Y",88.95,44,49.536,36.058,82.784,"Class4",40,"K",39.229
90.455,23.731,1.196,"O",85.889,72,83.228,18.387,97.116,"Class2",59,"H",58.146
87.274,45.734,0.013,"S",86.147,56,86.233,34,97.166,"Class2",60,"F",72.595
67.097,29.146,21.258,"B",37.382,64,11.129,49.965,59.954,"Class1",45,"Q",74.577
72.797,25.896,1.599,"S",87.819,74,88.28,28.676,98.295,"Class2",62,"N",56.715
44.93,19.722,2.592,"R",83.748,20,8.685,36.561,83.016,"Class4",41,"M",36.744
56.445,31.233,21.107,"Z",49.045,71,49.804,42.025,63.87,"Class1",46,"O",66.214
64.657,17.471,52.811,"R",94.469,70,22.49,30.558,83.113,"Class4",41,"Q",30.65
NA,38.542,0.654,"O",92.381,75,66.546,38.333,98.107,"Class2",33,"F",58.581
20.153,86.746,47.633,"Y",53.694,37,40.857,48.516,64.092,"Class3",63,"V",19.967
26.071,85.678,37.825,"Q",51.834,39,41.967,55.562,76.54,"Class3",61,"V",10.107
60.677,18.171,1.217,"J",94.316,44,56.343,42.195,97.917,"Class2",39,"R",70.176
57.935,54.168,65.701,"P",84.286,32,44.031,25.658,84.907,"Class4",41,"O",31.661
39.122,35.295,60.767,"P",85.255,36,15.879,34.109,84.83,"Class4",40,"I",39.665
49.782,32.286,47.921,"P",91.191,52,31.164,19.165,82.861,"Class4",41,"I",37.197
58.104,29.511,42.381,"Y",84.791,38,40.047,27.24,82.5,"Class4",40,"I",37.451
57.799,38.211,23.644,"Z",74.215,60,17.61,48.648,57.514,"Class1",45,"B",74.099
18.903,89.728,48.037,"Q",45.467,40,41.612,52.26,65.315,"Class3",67,"J",9.733
24.917,86.478,43.757,"T",57.953,45,41.328,55.714,28.382,"Class3",60,"L",4.28
62.285,36.592,1.141,"T",90.834,77,67.269,NA,97.426,"Class2",55,"F",61.705
58.223,40.75,7.283,"H",39.766,55,19.229,41.721,55.698,"Class1",45,"O",73.728
99.494,33.33,1.16,"S",89.853,45,90.353,23.128,97.163,"Class2",52,"N",57.507
73.49,15.205,2.576,"T",85.368,63,50.572,NA,97.346,"Class2",53,"F",59.24
27.114,87.749,49.849,"K",47.496,40,41.622,57.373,77.025,"Class3",69,"B",10.383
67.385,26.834,69.191,"R",88.493,29,9.792,NA,83.38,"Class4",40,"M",28.358
NA,86.596,45.322,"M",37.388,44,39.396,58.696,64.898,"Class3",63,"J",17.564
66.899,47.861,1.399,"O",99.433,73,76.675,32.601,98.029,"Class2",38,"N",64.119
71.906,45.121,1.843,"E",88.047,63,54.376,30.468,98.682,"Class2",55,"T",75.88
57.596,28.388,27.09,"O",36.746,53,39.293,49.633,52.989,"Class1",45,"O",66.417
81.607,30.628,0.646,"S",81.211,36,91.023,36.989,98.286,"Class2",51,"N",67.543
50.931,19.328,0.283,"J",87.514,69,65.214,36.051,98.273,"Class2",59,"R",77.578
68.257,15.63,1.102,"O",85.152,77,85.499,38.81,97.353,"Class2",50,"R",76.892
57.714,14.403,0.66,"J",89.109,36,56.535,28.144,97.684,"Class2",41,"T",70.226
16.99,86.195,50.307,"T",44.287,38,40.718,60.571,29.443,"Class3",63,"L",8.39
66.501,35.18,0.836,"E",90.323,45,85.3,36.051,98.14,"Class2",45,"N",55.969
8.933,89.876,49.332,"M",46.344,39,40.371,57.96,40.955,"Class3",66,"K",3.275
45.526,56.718,13.412,"Q",84.445,50,16.272,32.758,83.232,"Class4",40,"M",40.851
50.359,33.985,17.721,"H",51.195,57,43.273,50.622,64.981,"Class1",43,"O",68.957
NA,9.238,0.723,"J",83.697,52,66.546,38.41,97.592,"Class2",39,"N",75.564
9.694,85.731,42.526,"Y",53.036,43,41.969,62.93,41.739,"Class3",60,"V",18.523
51.914,32.312,7.235,"Q",81.632,27,31.413,39.768,82.522,"Class4",40,"Q",36.918
51.674,35.12,17.45,"H",53.001,55,37.862,47.871,60.732,"Class1",45,"B",69.239
63.046,36.805,62.457,"Y",80.77,46,20.949,30.271,83.539,"Class4",40,"O",29.486
86.698,24.791,0.612,"O",83.014,65,56.027,35.814,98.465,"Class2",49,"H",62.038
48.129,28.354,45.084,"Q",95.323,73,24.665,NA,83.895,"Class4",40,"O",38.289
16.348,90.044,40.082,"M",13.88,38,39.002,59.053,46.064,"Class3",63,"B",17.997
45.913,26.468,21.318,"Q",84.597,56,8.491,32.413,82.306,"Class4",40,"O",31.423
-1.87,89.359,45.127,"T",45.724,42,40.216,56.643,62.456,"Class3",61,"B",19.753
8.476,89.181,46.312,"K",41.318,45,40.858,45.715,78.89,"Class3",61,"L",13.132
57.883,45.466,13.501,"Z",65.073,60,16.301,44.58,58.924,"Class1",46,"Q",66.571
NA,90.12,45.324,"Y",51.463,42,40.383,58.954,64.219,"Class3",60,"K",15.747
45.361,41.766,0.049,"E",88.743,52,64.208,26.54,97.867,"Class2",49,"R",57.617
53.43,37.962,12.163,"Z",48.319,60,32.791,46.178,61.064,"Class1",45,"B",67.491
53.363,45.417,18.915,"H",51.47,59,54.799,43.456,67.249,"Class1",42,"Q",75.398
57.613,45.103,30.703,"H",64.793,54,43.745,45.14,61.144,"Class1",43,"O",75.993
39.67,26.329,78.384,"Q",83.488,22,29.462,33.375,82.533,"Class4",41,"O",40.097
69.072,46.978,33.559,"K",85.636,54,46.061,38.04,84.184,"Class4",40,"K",30.033
55.556,43.416,25.961,"O",51.824,53,20.233,46.099,68.769,"Class1",44,"Q",71.464
43.402,46.529,26.782,"Q",89.533,34,49.974,27.915,83.162,"Class4",41,"I",29.419
48.15,30.867,32.297,"Y",82.093,72,48.049,28.437,82.27,"Class4",41,"Q",32.184
53.969,36.237,22.238,"O",28.443,69,38.658,46.401,65.784,"Class1",42,"O",73.799
62.697,25.956,70.386,"Y",87.789,21,33.326,25.58,82.076,"Class4",41,"M",37.85
78.668,22.47,1.667,"S",95.606,69,92.1,NA,97.357,"Class2",33,"R",71.437
51.761,35.025,57.844,"R",84.04,37,39.921,32.262,83.365,"Class4",41,"K",36.213
41.591,25.348,85.14,"K",89.492,55,34.686,35.096,84.764,"Class4",41,"Q",38.528
28.199,85.177,46.804,"K",87.724,49,40.862,70.076,69.294,"Class3",60,"B",13.564
20.588,90.188,47.603,"M",41.001,48,41.862,61.1,70.95,"Class3",63,"K",6.401
50.962,38.001,12.304,"B",47.296,69,35.482,47.463,60.859,"Class1",43,"S",65.603
56.537,42.66,15.233,"B",60.491,50,51.037,49.141,64.6,"Class1",45,"O",67.966
9.105,87.675,50.199,"K",40.619,42,41.556,57.183,79.055,"Class3",61,"K",1.34
56.525,27.685,1.007,"J",83.516,51,51.125,35.129,98.117,"Class2",33,"R",60.559
32.474,45.682,51.971,"K",86.976,37,37.574,32.288,83.676,"Class4",40,"Q",31.695
NA,43.091,0.998,"E",89.39,46,50.263,36.212,97.278,"Class2",39,"F",66.292
59.739,9.431,1.115,"T",82.804,75,63.465,39.179,98.238,"Class2",43,"F",63.745
39.086,39.608,-0.433,"E",89.624,45,52.207,24.68,98.015,"Class2",33,"T",60.667
-0.845,90.766,40.737,"M",34.504,39,39.425,53.822,64.41,"Class3",64,"J",8.046
33.973,50.187,19.251,"R",85.816,56,14.237,29.15,82.349,"Class4",40,"I",32.373
59.98,33.532,28.207,"H",25.928,72,27.211,56.006,65.239,"Class1",46,"J",75.089
60.364,31.322,12.248,"Z",38.517,57,9.747,52.455,64.389,"Class1",46,"B",73.506
56.28,41.824,33.743,"P",94.435,50,17.552,41.705,84.824,"Class4",40,"O",39.687
69.429,38.525,1.175,"E",88.019,63,61.114,32.464,97.226,"Class2",36,"R",71.774
72.524,39.714,77.518,"Q",92.637,59,29.242,27.649,82.415,"Class4",41,"M",40.598
28.644,85.53,51.65,"T",27.013,49,41.89,59.914,67.182,"Class3",69,"L",2.925
26.849,85.491,43.846,"Q",72.699,52,41.099,60.668,58.646,"Class3",67,"K",3.889
42.637,26.175,51.876,"R",80.849,22,32.375,36.373,84.31,"Class4",41,"I",30.692
54.954,41.917,1.469,"E",91.394,46,52.426,35.774,97.749,"Class2",52,"N",74.094
69.261,38.773,2.069,"T",89.387,68,54.828,34.909,97.293,"Class2",34,"N",58.223
54.428,40.565,23.694,"B",42.333,54,40.233,40.26,59.473,"Class1",45,"B",68.13
63.141,46.939,1.348,"E",85.848,57,76.875,39.687,97.286,"Class2",62,"F",64.621
60.452,29.466,56.871,"R",91.695,41,45.014,NA,82.444,"Class4",41,"M",31.714
55.436,40.544,0.948,"O",85.039,60,90.83,34.845,98.916,"Class2",53,"T",58.502
52.998,33.688,12.528,"O",64.026,64,26.952,43.342,66.827,"Class1",43,"B",73.105
62.563,24.522,21.414,"Y",86.274,36,41.669,27.931,82.043,"Class4",41,"K",35.022
24.217,88.749,41.555,"T",40.547,47,40.039,72.323,28.592,"Class3",62,"K",9.366
18.716,86.281,50.692,"M",57.822,47,40.524,55.719,79.909,"Class3",61,"K",18.69
38.411,34.351,51.952,"Y",85.555,41,50.446,23.82,82.454,"Class4",41,"Q",37.057
64.84,37.112,1.124,"E",86.958,66,75.432,34.413,97.603,"Class2",36,"T",58.258
NA,51.655,67.516,"Q",84.856,34,27.621,NA,84.983,"Class4",41,"O",28.881
61.297,34.978,49.85,"Q",84.331,24,8.498,26.52,84.919,"Class4",41,"O",32.461
85.528,32.024,0.862,"E",84.798,45,62.291,33.725,98.9,"Class2",51,"H",75.979
48.786,18.783,60.312,"R",86.471,57,41.927,22.541,83.546,"Class4",40,"O",38.467
16.288,85.979,43.304,"Y",50.233,41,39.959,54.649,60.504,"Class3",60,"B",3.135
20.329,86.157,45.378,"T",50.775,40,40.213,56.025,53.999,"Class3",68,"L",4.255
24.049,40.314,61.363,"K",85.184,63,36.176,26.521,83.708,"Class4",40,"Q",36.422
22.597,85.345,47.071,"M",42.547,46,39.287,55.583,55.056,"Class3",62,"V",15.125
58.604,25.139,19.878,"O",49.202,62,61.536,46.473,57.698,"Class1",46,"B",73.528
61.568,47.107,-0.03,"T",84.747,37,69.216,33.973,97.145,"Class2",41,"F",67.095
24.779,89.342,46.375,"M",74.184,46,40.725,61.544,71.454,"Class3",64,"V",6.873
51.632,38.132,23.553,"O",94.219,72,56.327,47.477,61.116,"Class1",45,"O",68.149
17.04,89.142,47.262,"Q",54.946,51,39.427,49.246,61.816,"Class3",65,"K",1.379
21.312,90.797,53.319,"Q",37.561,42,40.484,60.386,37.481,"Class3",67,"V",18.174
75.759,38.613,1.272,"T",91.432,52,83.279,29.162,98.612,"Class2",43,"R",66.083
61.328,20.29,67.009,"R",79.411,40,18.416,35.46,84.271,"Class4",40,"K",30.77
54.183,45.542,19.869,"H",67.396,55,59.01,40.7,59.198,"Class1",42,"O",75.262
9.414,90.931,42.724,"M",38.867,45,41.357,55.402,79.722,"Class3",67,"K",11.444
25.935,90.737,46.195,"Y",65.592,51,40.464,55.698,48.405,"Class3",64,"V",18.543
60.379,35.771,1.272,"S",88.623,71,88.808,34.046,98.453,"Class2",44,"H",74.344
44.873,46.337,0.835,"E",90.086,75,73.802,27.832,98.475,"Class2",36,"T",72.544
25.812,90.692,45.715,"K",59.195,41,40.833,72.054,32.888,"Class3",67,"V",22.267
51.619,57.657,67.931,"K",84.936,35,20.452,34.397,82.333,"Class4",40,"M",38.806
60.858,35.549,19.49,"H",37.473,53,19.7,NA,62.013,"Class1",44,"Q",75.167
27.345,88.322,41.847,"Y",59.905,47,39.184,46.186,63.508,"Class3",67,"L",11.887
53.984,36.659,13.722,"O",48.343,58,41.907,49.823,58.56,"Class1",42,"O",69.761
81.739,12.116,-0.026,"J",79.324,43,79.372,30.092,98.884,"Class2",43,"F",75.602
NA,56.028,45.452,"R",78.357,67,41.285,49.951,83.703,"Class4",40,"Q",34.061
80.69,37.197,0.682,"S",85.942,72,75.933,32.681,98.073,"Class2",46,"F",64.46
88.922,15.817,0.817,"J",84.642,48,86.209,35.185,97.271,"Class2",63,"T",65.978
68.452,40.785,15.518,"Z",37.61,59,54.552,47.276,58.226,"Class1",44,"Q",73.123
67.053,52.057,52.806,"K",84.974,41,49.671,NA,82.651,"Class4",41,"O",37.997
49.004,29.671,53.825,"Q",86.667,43,32.933,NA,84.327,"Class4",40,"M",37.14
72.591,35.317,0.738,"T",91.964,50,58.597,29.291,97.041,"Class2",49,"N",71.871
41.812,43.186,45.462,"Y",91.203,66,45.935,30.949,83.138,"Class4",41,"Q",29.311
119.322,30.442,0.64,"T",88.484,54,50.5,37.073,97.188,"Class2",40,"R",54.654
17.384,90.335,49.059,"Y",40.781,52,39.54,48.825,35.005,"Class3",67,"K",2.776
65.803,29.249,1.858,"O",82.562,46,87.131,36.751,98.892,"Class2",62,"H",59.747
68.084,13.733,1.713,"E",83.489,58,89.698,32.265,98.902,"Class2",41,"H",71.924
65.774,33.306,11.017,"H",62.019,71,48.348,47.093,54.962,"Class1",45,"B",64.923
37.489,86.686,46.876,"M",58.617,50,40.628,50.813,74.881,"Class3",60,"B",7.332
33.398,26.727,0.715,"E",82.204,45,89.51,NA,98.997,"Class2",44,"H",70.356
56.569,28.875,13.808,"H",39.854,65,43.376,NA,66.509,"Class1",43,"J",74.429
46.839,48.756,43.574,"R",84.012,56,37.054,25.664,83.205,"Class4",41,"M",38.638
105.188,10.194,1.044,"S",88.254,39,52.803,42.158,98.171,"Class2",55,"R",66.865
69.476,40.62,47.489,"Q",89.344,40,36.876,33.491,84.227,"Class4",40,"I",34.684
59.41,31.008,3.742,"D",44.476,67,19.647,47.456,52.337,"Class1",44,"Q",66.332
102.807,32.871,1.327,"T",90.478,43,85.234,36.866,98.533,"Class2",57,"R",54.463
60.017,35.506,22.069,"B",53.659,62,27.326,36.321,61.227,"Class1",43,"O",67.199
39.162,21.617,1.101,"E",89.993,57,58.016,36.54,97.947,"Class2",39,"N",75.556
77.263,11.652,1.558,"E",81.23,54,64.588,19.892,97.027,"Class2",52,"N",71.721
50.657,51.039,48.575,"R",92.695,70,20.534,40.581,84.347,"Class4",41,"Q",31.939
59.283,30.084,5.118,"Z",37.094,51,53.71,37.116,68.509,"Class1",42,"J",68.386
62.488,56.703,85.242,"Q",80.842,53,10.226,NA,84.644,"Class4",41,"I",32.126
74.542,33.504,0.963,"T",89.778,60,92.42,37.043,98.893,"Class2",42,"H",71.621
50.234,32.111,15.058,"O",31.929,55,12.507,49.084,63.286,"Class1",43,"O",68.714
28.44,85.362,44.751,"K",39.546,41,41.281,45.354,33.074,"Class3",67,"K",5.021
49.749,28.634,3.441,"B",41.537,57,34.835,48.158,62.505,"Class1",43,"S",74.809
86.655,12.757,1.158,"S",87.061,66,75.948,42.58,97.427,"Class2",63,"R",73.686
19.173,90.029,43.391,"K",46.035,49,39.853,61.857,20.486,"Class3",67,"L",12.281
55.135,42.283,70.765,"R",79.919,44,44.054,27.473,84.798,"Class4",40,"K",37.933
47.662,28.429,56.912,"Y",91.352,35,40.634,18.864,82.946,"Class4",41,"I",40.685
65.468,39.052,11.404,"D",61.215,72,39.234,42.452,55.079,"Class1",42,"S",70.312
38.702,45.508,60.294,"Y",94.379,62,43.1,30.232,83.928,"Class4",40,"Q",33.678
68.891,15.673,59.747,"Y",84.923,46,18.465,39.463,84.831,"Class4",41,"Q",29.322
40.697,27.385,13.785,"Z",67.716,61,58.943,40.882,56.93,"Class1",45,"O",66.29
67.962,44.871,21,"B",61.54,51,56.632,53.065,66.701,"Class1",45,"Q",73.914
97.378,45.123,1.523,"E",86.619,36,86.901,34.332,98.431,"Class2",61,"N",76.373
31.638,86.896,45.893,"M",42.159,51,39.728,65.249,51.619,"Class3",63,"K",6.794
95.289,33.002,1.253,"S",79.258,52,64.474,34.177,98.693,"Class2",45,"N",75.574
53.469,21.57,1.329,"O",78.139,44,65.818,28.081,98.825,"Class2",39,"N",61.733
62.943,17.193,60.128,"Y",88.368,52,42.028,28.733,83.609,"Class4",40,"M",32.846
12.623,85.363,45.292,"M",50.94,45,39.467,55.044,73.43,"Class3",66,"L",14.948
70.414,40.705,-0.558,"E",90.895,40,60.363,38.049,98.091,"Class2",41,"F",67.235
29.427,88.797,46.202,"K",10.644,49,41.237,64.004,79.366,"Class3",67,"L",10.306
14.201,88.472,48.807,"Y",68.198,47,39.868,57,72.979,"Class3",64,"J",1.133
56.43,21.195,71.911,"P",92.559,24,14.288,21.68,84.284,"Class4",40,"O",29.076
21.55,87.974,38.984,"Q",28.412,44,40.063,68.823,79.32,"Class3",63,"L",14.409
59.531,44.511,13.224,"O",41.29,57,53.789,54.127,67.036,"Class1",42,"B",67.733
58.654,16.375,69.358,"Y",89.813,34,31.856,30.119,82.589,"Class4",40,"M",31.666
79.743,9.676,1.308,"O",86.101,36,81.189,25.902,98.417,"Class2",55,"R",64.664
83.035,30.585,-0.602,"S",83.948,70,84.572,29.358,97.562,"Class2",40,"F",73.836
19.198,90.76,42.017,"Q",33.276,52,41.643,68.315,51.539,"Class3",68,"K",21.163
64.624,11.756,0.502,"J",81.255,73,75.489,31.427,98.466,"Class2",36,"R",76.131
25.429,88.408,51.03,"K",49.12,43,39.973,55.674,74.197,"Class3",65,"V",23.839
46.346,41.428,23.023,"H",44.179,56,61.036,48.045,53.011,"Class1",42,"Q",64.424
37.768,43.457,61.323,"P",87.552,37,39.544,29.646,84.251,"Class4",41,"Q",33.674
45.872,44.373,17.487,"B",80.244,66,30.936,NA,62.871,"Class1",44,"S",66.492
53.53,52.336,36.551,"R",85.192,40,50.307,34.673,83.326,"Class4",41,"I",35.822
6.646,89.371,47.854,"T",43.939,48,41.121,NA,27.905,"Class3",69,"K",16.596
61.642,18.9,55.154,"Y",92.219,45,16.395,28.463,84.564,"Class4",41,"I",33.292
NA,23.576,-0.008,"O",83.951,69,83.504,29.613,97.238,"Class2",36,"N",71.48
54.479,36.096,40.032,"Y",89.859,48,45.642,16.816,82.775,"Class4",40,"O",32.677
67.003,32.86,15.987,"O",73.713,64,42.135,41.895,68.878,"Class1",43,"J",74.11
70.684,16.066,0.007,"T",88.614,70,51.322,30.383,97.402,"Class2",41,"H",58.553
20.407,85.272,50.254,"T",37.281,43,39.422,54.297,76.234,"Class3",65,"V",18.33
73.69,19.555,0.214,"J",84.37,54,66.061,28.892,97.393,"Class2",63,"T",66.245
70.775,25.97,0.893,"E",83.251,51,54.116,24.356,97.037,"Class2",58,"N",77.369
20.499,85.556,42.376,"Y",55.107,50,39.573,57.823,29.161,"Class3",64,"B",21.455
56.264,41.084,25.166,"D",31.623,54,25.664,49.992,67.543,"Class1",43,"O",75.096
29.617,35.903,46.466,"R",87.122,62,49.675,51.356,84.414,"Class4",41,"Q",35.826
29.637,86.2,39.164,"T",34.64,40,40.689,64.532,28.94,"Class3",64,"K",18.04
63.481,52.548,99.99,"Y",89.212,38,7.008,32.116,82.955,"Class4",40,"M",34.541
65.473,43.051,1.656,"S",90.08,42,69.068,NA,98.499,"Class2",50,"R",73.626
76.361,18.868,0.962,"J",88.334,54,61.059,21.073,97.53,"Class2",36,"F",70.86
20.597,90.927,46.213,"K",57.559,40,39.009,49.723,35.224,"Class3",66,"L",5.728
21.598,87.921,43.299,"M",50.244,45,40.378,60.293,79.398,"Class3",64,"K",16.077
55.795,37.434,9.11,"H",40.349,68,47.233,49.167,53.756,"Class1",42,"J",65.517
57.387,18.465,1.416,"O",89.36,64,90.955,29.908,98.108,"Class2",53,"F",77.365
15.736,90.483,49.746,"M",48.654,42,40.016,51.749,34.377,"Class3",68,"K",19.052
NA,42.508,0.612,"O",89.327,46,69.32,39.319,97.755,"Class2",34,"H",72.069
60.886,18.504,65.049,"R",86.41,52,33.612,22.869,83.035,"Class4",40,"Q",39.88
21.697,87.616,38.314,"K",44.776,47,41.413,68.362,29.685,"Class3",63,"L",11.115
56.713,43.862,18.533,"O",69.258,66,19.081,44.169,52.151,"Class1",42,"Q",73.459
41.595,19.623,33.439,"R",82.664,24,50.544,23.099,82.007,"Class4",40,"M",28.827
7.773,88.839,48.888,"T",54.246,49,41.56,45.666,45.212,"Class3",62,"B",8.333
53.519,26.954,14.744,"D",22.099,62,16.61,45.847,66.508,"Class1",44,"J",65.892
65.916,29.834,22.488,"Z",44.327,55,35.003,48.073,58.787,"Class1",45,"S",65.238
66.351,44.517,22.176,"D",64.565,52,20.341,51.699,63.354,"Class1",43,"J",74.827
19.022,89.549,51.016,"Q",43.556,49,41.185,59.613,30.705,"Class3",65,"L",10.763
51.948,28.546,2.134,"O",16.945,62,32.988,48.207,66.22,"Class1",45,"Q",71.462
58.789,30.038,10.313,"O",61.204,55,33.202,53.831,54.223,"Class1",46,"S",64.197
81.234,15.761,1.134,"O",90.791,57,79.75,25.546,98.667,"Class2",61,"H",71.87
54.401,44.783,4.587,"O",26.491,69,41.889,46.373,68.062,"Class1",46,"J",73.391
26.19,88.639,41.412,"Q",31.666,41,39.074,59.024,22.993,"Class3",62,"V",13.328
43.707,15.556,40.823,"K",85.136,62,30.815,22.934,84.73,"Class4",41,"Q",28.971
18.651,85.035,52.917,"Q",26.203,39,39.096,48.44,29.082,"Class3",64,"J",13.066
23.564,86.426,46.312,"T",54.281,49,40.522,48.351,25.253,"Class3",60,"B",18.409
21.568,86.418,55.565,"K",59.58,42,40.221,51.005,46.789,"Class3",68,"J",17.657
14.936,88.675,46.624,"M",63.561,47,40.238,62.403,21.791,"Class3",62,"J",18.501
66.865,19.233,99.295,"Q",82.231,30,23.109,20.428,83.085,"Class4",41,"Q",35.558
41.431,12.486,-0.198,"S",83.497,60,78.022,25.509,98.245,"Class2",44,"R",72.03
52.43,41.247,12.416,"H",61.478,63,19.386,46.827,55.516,"Class1",46,"B",73.847
57.214,45.265,0.021,"O",87.238,63,57.226,43.405,97.361,"Class2",37,"N",68.408
74.645,31.253,28.03,"Z",23.735,56,29.467,50.283,62.233,"Class1",43,"Q",70.206
49.477,15.82,13.423,"R",86.98,48,41.056,37.747,82.442,"Class4",41,"O",30.151
81.216,12.888,0.593,"T",86.658,52,77.259,33.782,98.376,"Class2",60,"R",54.729
105.883,15.267,1.59,"O",86.638,52,51.969,34.057,98.626,"Class2",59,"F",71.41
55.872,34.756,4.834,"Z",39.401,63,14.521,43.311,65.194,"Class1",45,"B",66.035
20.287,85.825,44.038,"K",53.27,41,41.988,55.332,74.503,"Class3",61,"V",22.121
49.697,39.475,18.018,"D",46.505,54,46.794,43.376,54.953,"Class1",44,"Q",65.688
68.19,40.724,1.743,"Z",77.336,61,60.709,NA,52.774,"Class1",45,"J",75.976
66.196,35.032,10.759,"Z",35.105,68,32.716,44.316,65.763,"Class1",44,"B",69.438
54.788,28.541,0.54,"S",89.866,61,77.759,30.736,98.646,"Class2",44,"F",70.113
33.655,41.3,0.979,"O",90.105,52,84.627,22.061,98.376,"Class2",49,"N",59.55
58.234,35.72,1.067,"E",83.794,49,80.653,29.247,97.675,"Class2",37,"H",57.966
NA,85.814,47.183,"M",39.323,39,39.776,63.37,69.525,"Class3",61,"B",16.924
71.215,36.189,1.755,"T",93.69,40,89.36,36.191,98.701,"Class2",45,"H",76.233
77.734,19.892,1.058,"E",89.041,42,79.704,37.357,98.797,"Class2",47,"H",56.855
63.2,38.835,14.226,"B",70.159,51,11.093,49.248,61.821,"Class1",45,"J",68.899
61.271,36.893,18.424,"H",31.865,66,24.16,54.298,67.708,"Class1",44,"O",69.268
51.791,34.381,50.566,"P",91.668,65,8.2,35.693,84.379,"Class4",40,"Q",30.406
10.433,90.349,51.794,"K",46.865,39,41.931,57.444,20.749,"Class3",60,"J",3.887
88.929,37.881,0.641,"J",78.811,77,68.546,38.795,97.557,"Class2",44,"N",55.262
26.5,88.064,45.56,"Y",63.741,42,40.897,42.851,43.883,"Class3",66,"K",17.829
61.577,24.542,37.428,"R",90.243,60,43.663,23.006,82.364,"Class4",40,"M",35.545
26.575,86.356,44.581,"K",43.16,43,39.402,61.245,76.444,"Class3",65,"J",23.234
71.015,16.086,1.497,"J",89.069,44,73.185,32.553,97.9,"Class2",54,"R",72.623
48.667,40.814,23.473,"H",37.424,58,43.332,41.462,61.989,"Class1",46,"B",70.404
60.848,27.699,25.948,"O",38.962,72,48.255,44.169,59.341,"Class1",42,"S",70.774
57.346,34.286,22.567,"O",62.121,62,9.18,44.279,53.516,"Class1",44,"J",66.695
58.184,30.133,59.195,"K",92.517,52,35.777,35.516,83.781,"Class4",40,"K",30.468
54.238,29.4,50.186,"R",86.587,63,39.249,28.455,83.84,"Class4",40,"O",30.137
77.146,46.274,1.148,"E",89.367,36,68.244,30.1,98.267,"Class2",59,"F",74.419
52.61,39.771,65.121,"Y",84.87,55,10.181,29.942,84.507,"Class4",40,"M",32.543
65.114,42.932,20.491,"B",72.183,52,35.45,47.348,63.645,"Class1",45,"O",74.384
49.367,40.649,69.349,"Q",88.641,49,7.566,32.082,83.497,"Class4",40,"O",31.808
19.37,86.211,47.957,"Q",25.331,47,39.334,57.969,60.069,"Class3",60,"K",21.785
56.435,44.331,19.516,"B",63.673,66,56.805,55.912,58.472,"Class1",42,"J",71.137
15.024,85.423,57.69,"Q",13.644,41,41.676,48.142,27.415,"Class3",61,"B",23.254
8.952,86.381,50.345,"Q",54.128,49,41.103,45.48,27.86,"Class3",68,"J",1.353
60.56,29.142,21.313,"B",70.782,61,56.333,50.056,64.475,"Class1",42,"J",73.883
76.101,9.398,1.712,"J",87.613,56,53.345,34.025,97.955,"Class2",41,"H",76.725
77.252,27.43,1.047,"E",87.68,56,65.728,38.879,98.471,"Class2",33,"N",61.355
46.607,26.797,-0.258,"T",85.642,60,82.847,29.938,98.232,"Class2",64,"N",77.82
54.324,30.059,77.482,"Q",84.413,29,30.054,20.432,84.163,"Class4",41,"M",36.668
64.644,39.767,28.033,"O",49.471,67,32.205,47.976,60.255,"Class1",45,"Q",67.794
73.958,52.6,59.077,"K",87.158,68,11.982,27.902,82.355,"Class4",41,"K",40.148
82.29,11.091,1.475,"O",85.776,43,67.109,27.534,97.261,"Class2",33,"N",67.209
49.223,39.022,-0.417,"E",88.252,43,54.708,NA,98.326,"Class2",43,"T",79.779
76.748,29.618,1.392,"S",87.078,48,89.829,39.819,97.366,"Class2",65,"H",67.473
NA,89.375,51.807,"Y",48.885,38,41.707,51.064,48.003,"Class3",68,"B",20.029
50.733,25.901,16.54,"Z",51.21,60,35.244,45.986,61.992,"Class1",45,"J",72.367
37.343,31.51,1.684,"E",87.961,44,50.304,27.939,98.893,"Class2",66,"N",62.537
108.773,46.69,2.087,"T",93.361,61,56.143,NA,97.277,"Class2",42,"H",70.508
83.893,16.057,-0.123,"T",85.964,72,54.31,NA,97.471,"Class2",55,"T",68.455
35.554,48.508,65.462,"P",90.849,44,19.379,NA,82.071,"Class4",41,"K",28.969
51.619,36.863,33.352,"B",50.754,57,58.894,45.791,60.293,"Class1",45,"Q",68.069
26.406,35.484,40.579,"P",83.381,34,8.678,27.698,83.97,"Class4",41,"Q",36.738
53.873,25.007,24.045,"O",61.496,64,12.812,42.827,52.357,"Class1",44,"J",69.613
58.405,35.344,21.747,"B",63.566,65,16.412,50.917,53.691,"Class1",43,"S",71.361
21.321,88.857,51.179,"T",46.009,43,39.45,55.404,34.674,"Class3",63,"V",5.319
20.544,86.076,43.175,"K",52.27,52,39.86,61.316,47.921,"Class3",63,"V",15.595
32.077,86.794,53.269,"Q",60.53,49,39.954,54.687,74.47,"Class3",66,"V",5.548
33.974,89.138,53.676,"T",41.495,50,41.254,59.607,67.893,"Class3",66,"V",13.44
58.056,36.793,22.707,"O",66.129,60,55.937,45.681,64.594,"Class1",43,"S",68.373
9.094,85.117,54.554,"K",80.713,41,40.176,NA,44.038,"Class3",64,"B",15.203
55.143,43.979,18.504,"B",60.392,70,20.841,50.157,53.091,"Class1",44,"S",67.179
62.44,45.395,19.952,"Z",53.22,61,22.555,46.594,62.273,"Class1",42,"B",68.515
59.706,28.674,13.359,"O",20.049,52,34.633,39.904,68.62,"Class1",46,"O",70.042
58.672,51.11,35.698,"Y",91.826,28,18.052,40.276,82.794,"Class4",41,"M",34.396
70.192,36.026,21.481,"B",44.416,57,22.73,43.608,55.056,"Class1",44,"Q",74.578
82.508,45.432,0.681,"O",84.581,64,56.786,30.188,97.74,"Class2",64,"F",64.7
56.134,30.259,12.345,"Z",88.834,71,44.629,49.668,52.76,"Class1",43,"O",69.243
NA,17.68,19.416,"P",88.229,44,25.404,27.134,83.735,"Class4",40,"I",29.808
12.46,89.302,38.283,"Y",55.795,37,39.212,48.416,32.642,"Class3",68,"B",19.715
42.035,41.354,51.268,"Y",84.511,26,16.974,22.128,82.364,"Class4",40,"K",29.986
54.613,21.832,53.686,"K",83.835,35,15.805,37.467,84.537,"Class4",40,"O",28.718
54.178,54.631,78.807,"P",86.382,73,49.349,NA,82.701,"Class4",41,"M",28.302
14.957,86.996,38.879,"T",62.017,40,40.434,56.456,42.429,"Class3",66,"L",23.477
25.864,89.829,48.398,"T",51.742,39,40.058,60.571,57.17,"Class3",64,"K",3.591
14.019,85.175,41.143,"K",41.277,42,41.664,44.485,76.268,"Class3",62,"L",7.762
65.172,17.1,0.771,"S",83.991,40,90.412,27.145,97.357,"Class2",52,"F",76.818
22.351,86.568,39.991,"M",37.09,48,39.741,58.369,27.88,"Class3",63,"J",4.032
66.736,32.805,1.621,"S",91.913,47,78.989,39.076,97.117,"Class2",55,"F",76.576
52.435,46.197,56.84,"P",87.551,52,47.085,26.384,82.446,"Class4",40,"O",35.839
20.905,87.312,45.994,"Q",33.792,42,39.954,54.598,73.289,"Class3",67,"V",8.862
18.783,86.74,44.747,"K",40.729,39,40.745,53.726,69.377,"Class3",62,"B",11.289
8.936,86.048,48.14,"Y",30.363,40,40.203,61.666,28.534,"Class3",64,"L",21.173
42.465,36.533,12.209,"H",47.702,50,34.706,49.238,65.146,"Class1",44,"O",69.346
43.704,34.573,1.636,"J",84.065,64,57.632,36.683,97.368,"Class2",35,"H",73.853
NA,86.828,44.493,"K",40.624,43,40.529,56.17,69.497,"Class3",64,"L",8.77
43.191,16.006,1.565,"T",79.903,62,79.69,NA,98.037,"Class2",43,"H",73.419
40.062,44.583,55.064,"Y",89.772,54,48.357,44.199,82.4,"Class4",41,"I",37.044
65.191,38.707,18.929,"O",68.797,65,58.107,42.539,65.753,"Class1",43,"S",71.726
93.126,21.966,1.836,"J",82.45,42,83.782,38.648,98.551,"Class2",61,"N",78.101
62.573,32.774,1.216,"T",95.497,78,56.227,39.283,97.139,"Class2",63,"R",65.669
NA,86.303,41.652,"T",58.539,47,41.888,50.196,60.677,"Class3",66,"L",23.138
55.955,26.776,-3.672,"O",23.525,60,59.536,46.206,63.992,"Class1",45,"J",67.762
24.088,89.738,46.754,"K",29.628,50,41.963,52.472,33.024,"Class3",61,"B",22.855
34.258,87.472,48.338,"K",44.058,51,40.091,60.948,26.571,"Class3",63,"B",14.752
24.924,90.829,43.074,"M",38.332,48,41.555,58.168,22.14,"Class3",65,"K",16.402
46.401,21.197,60.075,"R",88.245,53,15.692,32.717,84.432,"Class4",40,"Q",40.492
52.099,31.805,35.333,"P",95.494,43,51.14,28.231,84.267,"Class4",40,"M",34.481
47.747,45.127,44.964,"Y",87.111,40,42.013,NA,84.689,"Class4",40,"Q",29.015
17.372,85.761,51.141,"T",27.1,37,40.796,58.628,32.633,"Class3",63,"L",17.006
61.308,11.841,1.111,"E",78.963,47,92.749,30.202,98.867,"Class2",46,"R",67.711
57.415,33.091,21.532,"B",55.393,72,38.618,48.237,53.075,"Class1",43,"S",70.09
67.07,55.427,48.737,"K",90.387,72,25.52,54.464,83.935,"Class4",40,"Q",40.965
26.603,86.005,45.606,"K",41.83,49,41.722,51.961,57.174,"Class3",68,"K",23.192
31.213,15.719,53.604,"Y",91.889,66,11.421,30.563,83.351,"Class4",41,"I",38.536
50.208,35.157,34.107,"R",87,71,36.549,30.889,83.148,"Class4",41,"M",37.128
30.969,87.877,43.399,"Q",20.868,37,40.609,62.674,51.154,"Class3",62,"J",18.12
54.807,43.276,1.426,"J",87.719,55,73.194,42.299,98.782,"Class2",41,"H",71.826
12.793,85.022,42.192,"Y",40.092,52,40.249,52.858,68.476,"Class3",69,"B",8.492
45.727,51.091,33.042,"P",88.086,69,53.809,32.045,82.759,"Class4",40,"Q",39.986
58.584,34.68,12.616,"B",40.038,62,19.109,45.309,67.99,"Class1",42,"S",69.687
NA,47.594,44.363,"R",81.481,63,33.353,34.241,84.043,"Class4",40,"M",33.888
45.39,45.069,10.056,"H",22.743,62,53.06,53.078,66.853,"Class1",45,"Q",73.424
43.561,37.228,26.285,"Y",83.146,58,33.106,38.189,83.906,"Class4",40,"I",31.761
35.895,48.355,69.761,"K",89.551,29,28.738,27.244,84.544,"Class4",41,"K",35.058
22.296,86.672,52.058,"M",48.543,44,39.593,48.832,30.34,"Class3",69,"B",8.567
52.149,30.532,1.903,"J",84.861,73,50.433,35.256,97.62,"Class2",38,"F",78.036
18.006,87.662,44.32,"T",39.414,38,40.347,52.232,66.406,"Class3",67,"V",1.486
18.177,90.666,46.167,"T",64.946,40,40.873,51.234,31.597,"Class3",63,"V",22.685
33.853,20.87,55.07,"P",85.515,22,26.763,34.101,83.094,"Class4",41,"O",37.218
42.582,55.769,74.876,"K",81.966,75,19.549,NA,82.161,"Class4",40,"O",32.68
31.763,87.53,41.974,"K",35.215,46,39.898,51.12,44.693,"Class3",65,"B",16.009
22.508,86.251,43.753,"Y",47.92,52,41.095,62.597,37.96,"Class3",66,"J",1.876
87.95,46.749,0.88,"T",87.119,60,73.134,31.216,98.343,"Class2",66,"N",57.478
58.282,13.428,1.886,"T",89.971,69,52.036,40.314,97.236,"Class2",48,"H",60.598
63.981,42.952,24.025,"B",46.237,53,50.907,52.257,60.004,"Class1",42,"S",70.194
61.54,43.255,76.849,"Y",86.39,64,48.816,37.77,83.239,"Class4",41,"M",40.672
56.55,44.792,31.599,"Q",86.863,48,31.655,27.284,82.626,"Class4",41,"Q",32.596
66.409,53.053,52.879,"R",88.923,56,9.544,47.895,83.468,"Class4",41,"O",34.668
46.728,37.521,10.865,"H",63.062,63,31.47,50.562,57.707,"Class1",42,"B",73.914
71.227,46.427,1.449,"E",80.008,48,84.386,33.665,98.764,"Class2",60,"T",68.244
71.233,41.771,1.139,"T",83.287,67,88.223,37.107,97.709,"Class2",54,"T",67.607
76.406,26.367,16.184,"O",76.149,62,14.247,41.471,63.175,"Class1",43,"B",73.781
87.753,36.43,1.059,"J",88.423,38,78.251,31.349,97.078,"Class2",61,"R",72.737
18.406,87.291,45.324,"Q",40.236,41,40.416,56.143,47.069,"Class3",64,"K",23.005
63.785,17.251,42.526,"R",88.298,46,39.307,36.041,84.172,"Class4",41,"Q",37.697
30.591,87.491,52.531,"Q",43.768,49,39.6,54.648,73.78,"Class3",62,"L",19.098
51.987,25.481,5.61,"D",76.573,57,14.036,43.475,65.932,"Class1",44,"S",72.972
59.483,34.664,68.792,"K",92.699,70,24.828,39.67,83.689,"Class4",40,"I",36.817
NA,12.856,1.723,"O",90.12,62,85.547,30.74,97.353,"Class2",57,"H",60.356
73.754,32.38,0.736,"J",82.955,47,58.555,32.944,97.055,"Class2",57,"H",63.382
53.969,25.55,28.733,"Z",45.561,71,54.606,42.726,64.035,"Class1",45,"J",66.027
52.807,43.86,71.321,"P",88.362,36,42.895,39.101,84.781,"Class4",40,"O",33.045
54.312,40.108,15.859,"O",24.397,53,52.139,40.8,62.86,"Class1",43,"O",74.389
63.176,32.326,28.179,"Z",42.317,62,33.787,36.001,61.312,"Class1",43,"J",71.13
26.122,86.876,43.935,"K",45.807,52,39.32,49.742,50.188,"Class3",68,"J",3.612
52.806,39.283,10.726,"Z",60.026,55,14.225,47.381,61.831,"Class1",46,"J",70.519
23.596,87.785,48.976,"M",72.449,46,40.865,60.394,69.238,"Class3",61,"L",20.764
18.908,89.132,50.64,"Y",69.343,37,39.246,54.353,72.835,"Class3",68,"L",3.543
4.189,90.902,45.321,"T",58.207,42,40.077,63.733,70.78,"Class3",64,"K",5.086
25.441,88.986,49.9,"M",49.961,46,41.799,55.691,54.542,"Class3",67,"K",12.254
80.639,27.194,0.919,"O",90.284,69,85.375,38.842,97.163,"Class2",63,"R",68.127
50.639,44.729,33.541,"O",35.021,64,42.851,59.095,63.13,"Class1",43,"S",69.442
19.522,90.505,54.373,"Y",48.751,46,40.732,53.868,43.437,"Class3",66,"J",2.312
24.98,88.049,44.778,"Q",40.596,41,41.758,58.132,27.706,"Class3",67,"K",7.063
84.294,39.513,1.475,"S",81.975,51,82.694,39.994,97.526,"Class2",51,"N",66.869
20.205,86.378,51.148,"M",64.682,49,39.784,58.232,60.086,"Class3",67,"V",4.807
49.901,35.827,23.07,"B",64.79,70,25.478,44.293,54.022,"Class1",46,"Q",73.902
80.632,43.782,18.795,"O",63.198,65,25.975,42.174,56.071,"Class1",46,"S",68.184
43.269,27.342,1.716,"T",93.861,55,61.812,35.401,97.413,"Class2",67,"H",72.567
52.472,28.892,2.152,"E",86.157,49,55.237,36.806,98.056,"Class2",35,"F",63.782
53.655,57.231,71.888,"K",88.637,28,24.225,23.429,82.659,"Class4",40,"K",36.382
66.851,33.436,24.808,"O",64.767,59,61.308,45.488,64.564,"Class1",46,"S",74.318
69.673,31.576,1.187,"S",86.224,40,63.78,37.561,97.746,"Class2",37,"T",57.047
54.947,30.264,55.486,"R",86.118,74,39.147,36.171,82.512,"Class4",40,"Q",36.887
32.316,89.153,51.235,"M",42.659,47,39.228,56.698,51.432,"Class3",62,"L",5.794
73.341,29.457,1.279,"J",86.675,53,53.372,38.261,97.72,"Class2",43,"N",62.886
60.07,53.549,60.061,"K",82.239,69,12.519,33.732,84.019,"Class4",41,"Q",32.567
71.386,31.851,1.132,"O",89.627,46,74.125,41.137,97.565,"Class2",37,"F",67.714
26.406,88.462,43.397,"Q",34.968,47,41.466,65.279,76.554,"Class3",60,"L",15.465
59.59,32.816,26.326,"Y",90.271,23,18.743,34.883,82.496,"Class4",41,"I",30.692
16.528,88.045,45.154,"Q",58.498,43,41.797,54.687,57.814,"Class3",61,"J",16.677
54.527,32.684,14.648,"B",19.688,50,43.774,44.834,68.285,"Class1",44,"Q",64.716
53.795,41.544,15.631,"B",75.376,67,32.309,48.507,59.626,"Class1",43,"J",65.172
46.444,44.295,36.611,"Y",86.722,68,36.313,28.675,82.735,"Class4",41,"Q",32.789
4.82,90.753,44.62,"K",54.19,42,41.966,58.877,64.615,"Class3",61,"V",6.337
80.37,32.582,0.887,"E",83.782,77,64.589,37.909,97.95,"Class2",33,"H",56.627
19.985,86.623,44.84,"M",45.2,52,41.746,58.467,23.748,"Class3",65,"J",17.2
53.314,48.954,57.391,"P",86.455,40,27.32,37.028,84.731,"Class4",40,"O",40.561
24.421,86.976,45.969,"T",66.045,39,40.344,43.367,39.973,"Class3",63,"B",8.553
53.586,24.251,36.694,"Y",85.436,39,45.571,33.179,83.386,"Class4",41,"I",38.855
49.683,42.41,26.559,"O",34.67,59,57.9,43.736,65.356,"Class1",46,"S",73.903
17.95,89.53,47.453,"Y",55.71,38,41.097,54.722,23.079,"Class3",64,"J",4.56
12.846,90.184,42.363,"Y",52.972,40,40.948,55.207,25.398,"Class3",68,"B",13.26
59.265,32.869,14.284,"D",75.9,54,13.338,41.76,58.004,"Class1",44,"Q",74.63
31.003,25.142,1.197,"O",87.38,64,74.718,36.485,98.887,"Class2",49,"T",65.962
20.425,85.498,34.107,"Y",37.116,46,39.254,54.475,57.882,"Class3",62,"K",17.163
45.803,45.756,37.874,"R",84.443,38,9.974,39.871,84.646,"Class4",41,"K",31.213
55.859,55.597,39.346,"K",90.52,35,27.431,35.216,84.755,"Class4",40,"O",31.231
62.469,46.848,10.078,"R",87.295,37,13.933,21.944,84.338,"Class4",41,"M",35.881
22.344,88.014,49.772,"Y",49.779,39,40.849,62.206,52.844,"Class3",69,"B",15.07
20.608,85.562,47.008,"K",54.068,46,40.994,48.378,57.851,"Class3",64,"V",2.579
67.842,26.462,30.989,"D",28.277,67,19.519,NA,57.668,"Class1",44,"O",73.874
49.219,49.175,78.041,"Q",91.284,38,41.159,37.335,84.68,"Class4",41,"Q",38.57
86.402,47.871,0.43,"E",89.349,52,74.672,24.105,97.125,"Class2",33,"F",76.42
26.884,88.919,51.548,"Q",36.156,41,39.612,51.158,70.622,"Class3",61,"K",9.915
60.203,38.214,2.418,"D",57.19,72,46.447,46.887,66.53,"Class1",44,"O",75.519
NA,33.317,25.417,"H",72.795,56,54.306,47.122,58.039,"Class1",46,"J",69.978
25.208,89.153,49.222,"Y",30.333,39,41.765,51.576,44.74,"Class3",62,"L",20.335
47.226,36.5,13.779,"Z",65.001,53,24.48,44.442,57.85,"Class1",45,"J",72.201
14.036,85.041,49.869,"M",50.042,49,40.442,NA,42.243,"Class3",68,"V",12.641
62.739,16.876,-0.14,"S",86.727,42,63.247,37.375,97.857,"Class2",37,"T",69.654
43.232,36.358,64.927,"P",90.932,52,9.086,23.074,82.76,"Class4",40,"K",35.933
58.439,40.626,7.268,"B",51.986,61,25.563,43.083,67.767,"Class1",45,"Q",71.365
59.031,39.946,72.67,"P",86.951,48,36.834,28.939,83.011,"Class4",40,"I",30.501
17.945,86.876,46.172,"Q",42.163,40,40.446,56.521,47.31,"Class3",66,"B",8.008
23.394,86.471,50.178,"Y",44.217,50,41.824,53.756,35.582,"Class3",65,"B",20.424
63.53,27.52,13.096,"D",77.2,58,33.648,39.543,67.842,"Class1",44,"J",73.415
71.812,21.811,1.572,"O",86.305,47,55.539,30.318,98.225,"Class2",53,"H",54.634
36.346,14.672,0.921,"E",89.681,52,60.89,27.661,97.429,"Class2",33,"F",59.256
70.771,57.916,17.303,"Q",86.753,69,52.718,18.668,82.08,"Class4",41,"Q",40.925
48.682,28.595,4.822,"Y",82.893,72,8.5,35,84.328,"Class4",40,"Q",31.638
74.482,27.406,0.066,"J",84.709,55,79.424,34.147,97.441,"Class2",46,"F",66.828
49.556,40.428,86.306,"Q",93.489,34,48.231,33.258,84.544,"Class4",40,"I",30.255
87.938,12.649,0.698,"T",83.751,74,56.279,31.231,97.373,"Class2",55,"T",77.807
NA,86.935,45.045,"M",42.949,43,39.655,46.522,45.236,"Class3",61,"K",17.987
NA,85.189,38.522,"Y",42.484,47,40.332,NA,63.96,"Class3",66,"K",18.358
45.941,50.123,74.013,"K",88.422,46,36.27,33.238,83.562,"Class4",40,"M",30.791
30.809,35.501,0.559,"T",90.415,73,91.793,38.592,97.99,"Class2",38,"H",71.856
65.123,28.856,39.544,"P",90.173,69,50.308,35.969,82.229,"Class4",40,"Q",34.649
15.003,87.724,42.374,"K",60.031,44,40.62,55.895,40.278,"Class3",67,"K",4.561
88.161,46.495,1.03,"E",83.951,47,87.484,31.02,97.416,"Class2",35,"N",55.144
59.305,25.396,13.097,"O",82.28,63,11.93,41.781,68.887,"Class1",44,"Q",70.977
66.549,41.526,82.424,"Y",81.021,55,41.743,34.037,82.616,"Class4",40,"O",28.316
24.907,89.127,45.043,"Q",37.118,47,40.531,54.292,25.434,"Class3",62,"J",2.27
52.541,44.402,18.655,"H",60.822,50,53.277,49.744,66.669,"Class1",44,"J",66.796
60.553,14.912,-0.393,"E",87.031,74,54.539,28.365,97.471,"Class2",43,"T",66.122
58.151,28.037,25.818,"Z",53.143,69,29.404,46.583,59.181,"Class1",46,"J",67.701
78.55,23.836,1.361,"O",80.716,74,83.203,22.654,98.802,"Class2",63,"F",64.34
27.341,85.738,43.447,"Q",43.758,46,41.707,43.578,45.463,"Class3",61,"L",3.547
55.85,38.343,19.086,"K",85.925,32,28.448,36.504,82.689,"Class4",40,"M",32.035
63.079,37.793,21.843,"O",29.511,59,13.007,50.651,54.584,"Class1",42,"J",70.789
49.298,33.028,62.945,"R",78.137,26,15.478,34.853,82.18,"Class4",40,"I",35.72
56.289,41.633,36.215,"Q",89.044,57,10.476,26.973,82.09,"Class4",41,"M",30.378
55.62,36.713,2.557,"E",80.473,37,65.389,33.415,98.969,"Class2",55,"R",68.907
30.45,31.781,0.56,"E",88.502,60,90.206,35.662,97.04,"Class2",42,"R",64.194
48.786,31.934,47.524,"K",91.885,55,10.804,41.498,82.824,"Class4",40,"M",30.112
51.04,28.917,72.099,"K",83.264,49,42.886,22.274,83.229,"Class4",40,"M",37.845
27.972,86.92,43.454,"M",65.435,42,41.445,53.609,78.18,"Class3",69,"J",12.902
52.387,41.109,82.235,"K",84.569,25,37.151,30.134,82.535,"Class4",41,"Q",36.878
36.097,29.869,36.689,"Y",86.236,34,33.131,28.798,83.724,"Class4",41,"K",34.391
60.474,56.247,58.505,"K",90.845,65,41.771,22.848,83.346,"Class4",40,"K",36.496
56.037,15.883,24.11,"R",88.716,29,12.56,32.322,83.977,"Class4",41,"K",34.093
-0.551,88.461,45.342,"Q",40.763,37,40.167,NA,30.284,"Class3",64,"B",11.069
14.468,89.632,42.728,"K",40.276,42,40.903,47.09,38.418,"Class3",65,"V",5.876
46.297,29.709,73.092,"P",84.043,22,30.994,26.38,84.656,"Class4",40,"Q",36.227
57.071,25.541,9.035,"D",35.659,60,38.249,NA,66.214,"Class1",46,"B",68.323
16.911,87.842,48.29,"K",50.389,45,39.327,59.078,53.324,"Class3",69,"J",9.096
47.526,39.491,37.363,"Y",89.099,55,48.933,20.694,84.24,"Class4",41,"I",32.383
101.425,27.538,0.887,"S",83.867,36,56.173,43.425,97.288,"Class2",50,"H",60.81
78.721,43.944,0.322,"T",84.948,68,71.008,44.917,97.372,"Class2",42,"R",61.963
35.424,42.763,0.935,"E",86.879,78,58.322,33.555,98.884,"Class2",53,"H",73.331
43.685,24.755,1.063,"S",84.849,75,72.113,NA,97.306,"Class2",61,"F",79.763
31.163,87.909,51.564,"K",32.116,50,39.513,53.872,37.997,"Class3",61,"J",21.719
31.746,89.728,44.177,"Q",52.469,52,40.825,56.608,23.601,"Class3",61,"V",20.953
66.763,25.639,7.558,"H",64.261,60,56.125,44.267,53.688,"Class1",46,"J",66.246
19.258,85.57,53.425,"T",43.261,40,41.286,45.709,59.107,"Class3",62,"J",9.655
60.601,33.682,10.036,"B",55.127,66,22.204,43.509,65.731,"Class1",43,"Q",69.5
57.023,44.237,8.358,"H",56.411,58,13.834,41.732,57.054,"Class1",46,"J",72.948
51.087,56.902,78.819,"P",81.389,65,42.175,27.402,84.925,"Class4",41,"I",33.291
89.425,32.442,1.23,"T",84.515,40,66.549,29.479,98.755,"Class2",51,"R",68.243
34.218,86.428,46.729,"Y",62.334,47,40.726,57.138,31.778,"Class3",66,"V",14.238
46.925,36.638,50.879,"P",84.075,47,34.288,34.187,84.319,"Class4",40,"Q",34.865
32.392,87.144,48.684,"Y",71.762,44,41.943,61.448,71.654,"Class3",64,"K",1.022
NA,39.351,43.277,"P",83.442,29,20.631,28.337,82.874,"Class4",40,"Q",39.957
27.518,87.106,54.823,"Y",58.38,37,41.081,55.147,37.044,"Class3",68,"B",15.949
58.354,36.987,28.276,"B",61.613,60,14.973,42.106,62.653,"Class1",44,"O",67.719
29.922,85.736,41.249,"K",53.699,41,39.939,68.768,22.378,"Class3",67,"J",20.075
35.497,31.821,61.828,"Y",91.429,50,36.316,20.434,84.563,"Class4",40,"K",28.882
75.242,15.124,0.257,"E",90.001,49,90.384,26.074,98.917,"Class2",51,"F",78.486
53.002,38.101,67.783,"Y",84.393,68,19.015,42.427,84.284,"Class4",40,"I",40.04
43.387,11.189,1.478,"J",85.753,56,78.247,42.892,98.233,"Class2",41,"H",77.778
57.355,53.944,54.784,"R",97.327,55,13.491,39.696,82.202,"Class4",40,"O",34.448
NA,26.455,21.998,"D",53.718,59,18.137,50.513,52.204,"Class1",42,"B",69.804
NA,87.727,46.364,"M",61.606,51,40.761,61.413,57.782,"Class3",69,"B",15.711
82.025,17.622,-0.619,"E",85.386,78,51.59,32.302,98.048,"Class2",50,"T",76.197
30.853,90.228,46.211,"T",51.421,48,40.409,57.565,32.316,"Class3",64,"J",14.348
62.08,27.16,22.894,"Z",51.781,65,26.844,46.967,58.293,"Class1",43,"B",70.066
67.652,50.63,88.646,"Y",91.365,56,51.605,32.322,83.149,"Class4",40,"O",39.232
58.793,52.791,65.077,"P",89.289,57,23.085,36.65,84.912,"Class4",41,"M",31.543
69.85,45.914,0.802,"J",81.325,78,58.96,26.55,97.859,"Class2",56,"H",79.749
53.124,51.063,60.21,"Y",90.847,35,40.766,39.983,84.175,"Class4",40,"M",35.232
25.573,85.493,52.73,"Y",54.976,37,40.644,60.111,63.582,"Class3",63,"J",14.929
59.707,38.052,27.852,"Z",34.849,66,27.976,40.49,63.358,"Class1",42,"S",75.902
117.94,32.365,0.536,"E",80.775,67,92.549,30.829,97.434,"Class2",33,"H",56.411
10.18,86.235,47.516,"M",68.063,50,41.37,60.142,76.079,"Class3",67,"K",7.881
37.094,86.4,43.419,"Y",63.715,41,41.008,61.182,36.539,"Class3",60,"V",7.619
47.335,42.134,40.802,"K",87.091,57,33.201,29.868,84.339,"Class4",41,"O",40.408
18.865,86.092,45.839,"M",42.089,41,39.519,56.871,78.464,"Class3",65,"K",23.655
62.077,36.879,28.359,"Z",34.822,58,55.373,38.59,53.934,"Class1",46,"J",64.41
62.834,26.66,35.739,"K",87.203,61,15.196,18.821,84.481,"Class4",41,"M",28.919
105.947,21.947,0.382,"E",86.656,65,51.759,32.294,97.533,"Class2",57,"R",55.915
17.931,90.042,39.558,"K",53.882,51,40.266,53.522,58.255,"Class3",63,"J",13.922
21.922,87.116,50.244,"K",61.3,51,40.932,52.775,38.538,"Class3",63,"K",21.667
61.392,33.928,8.43,"D",57.465,69,59.319,45.786,59.542,"Class1",42,"O",75.151
21.119,87.281,41.477,"T",52.652,37,40.745,48.721,26.472,"Class3",63,"J",17.383
59.246,38.654,-0.819,"D",71.864,63,46.806,44.957,58.21,"Class1",43,"O",74.187
NA,44.293,46.642,"Y",86.49,75,26.739,25.318,82.171,"Class4",40,"M",36.988
57.408,18.215,1.335,"E",90.927,70,74.239,41.959,97.735,"Class2",59,"T",54.894
50.83,40.409,6.655,"H",44.806,66,40.408,47.391,65.251,"Class1",45,"J",65.035
46.324,40.181,45.743,"K",92.66,39,9.386,44.566,82.815,"Class4",40,"I",30.362
60.404,28.955,19.128,"D",72.053,68,57.444,41.483,53.704,"Class1",44,"J",70.894
49.411,17.181,22.896,"K",91.574,31,53.329,37.094,83.187,"Class4",40,"O",30.319
NA,40.031,20.147,"D",62.526,71,52.619,42.997,65.014,"Class1",46,"O",73.462
23.083,90.282,43.639,"M",58.267,45,40.649,60.734,39.197,"Class3",68,"J",6.648
59.328,33.363,1.13,"S",81.585,59,88.703,36.77,98.468,"Class2",43,"F",78.614
54.222,55.09,46.387,"K",85.241,25,19.024,30.361,84.739,"Class4",40,"I",28.258
29.868,11.615,-0.082,"O",91.524,68,59.369,41.83,97.152,"Class2",41,"F",54.064
48.997,30.971,8.951,"B",24.684,62,44.49,50.698,61.313,"Class1",42,"J",64.84
41.339,48.504,55.573,"P",82.615,23,16.97,39.908,82.809,"Class4",41,"I",39.266
9.909,87.085,43.554,"K",47.371,43,40.686,61.519,54.616,"Class3",66,"K",12.427
13.747,87.017,46.25,"K",39.776,44,41.963,60.427,24.152,"Class3",60,"V",2.818
56.191,45.36,13.868,"H",46.6,57,35.388,48.367,58.477,"Class1",46,"O",67.593
58.036,30.633,17.503,"H",80.636,68,39.173,51.634,62.538,"Class1",45,"J",69.165
53.22,40.502,72.044,"Y",83.704,28,27.816,32.2,83.16,"Class4",41,"Q",31.965
50.755,26.961,19.706,"Z",39.456,67,55.428,51.803,67.648,"Class1",43,"Q",73.416
68.098,30.611,57.889,"R",96.224,58,40.193,32.688,84.769,"Class4",40,"Q",37.535
55.954,27.202,0.07,"J",90.76,77,75.418,37.243,98.096,"Class2",61,"H",74.657
21.698,88.742,47.105,"T",38.192,48,40.461,56.639,71.049,"Class3",65,"B",22.188
49.224,26.655,7.029,"B",32.346,56,16.51,46.433,60.759,"Class1",44,"O",68.449
53.525,50.119,64.693,"K",85.274,62,28.027,19.708,84.766,"Class4",41,"I",34.933
34.318,86.5,45.662,"T",51.143,52,39.895,56.683,21.756,"Class3",60,"J",19.363
7.907,87.681,49.402,"K",40.005,47,39.681,51.724,73.484,"Class3",60,"L",2.487
13.414,86.902,41.916,"T",76.61,52,39.318,62.983,66.117,"Class3",61,"K",13.819
62.499,41.554,7.549,"D",51.805,68,58.496,42.806,64.738,"Class1",42,"S",69.321
56.747,35.185,9.394,"O",36.052,50,60.695,45.337,63.857,"Class1",45,"J",73.81
47.862,40.501,33.177,"O",67.058,59,56.417,44.817,58.152,"Class1",42,"Q",66.981
56.199,28.501,16.623,"O",31.367,54,47.2,38.441,60.515,"Class1",44,"B",75.549
56.417,26.77,7.32,"H",57.446,63,47.038,47.256,53.068,"Class1",46,"J",73.975
59.164,10.116,1.034,"J",92.574,43,63.947,35.569,98.935,"Class2",41,"F",59.354
53.476,23.733,65.493,"Q",89.984,38,25.245,37.263,83.655,"Class4",40,"K",35.19
59.615,35.148,23.149,"O",26.252,68,37.159,42.857,67.378,"Class1",44,"J",65.631
38.846,27.01,2.615,"S",86.661,71,66.423,27.618,98.883,"Class2",54,"N",68.338
48.012,30.183,73.25,"R",88.754,35,53.585,32.856,83.995,"Class4",40,"Q",28.803
51.645,23.539,0.052,"O",87.246,76,67.559,40.856,98.401,"Class2",63,"H",79.273
21.059,87.133,48.356,"K",49.318,51,40.263,NA,21.518,"Class3",62,"K",8.885
29.476,90.038,42.815,"K",41.448,48,39.625,50.124,65.351,"Class3",61,"J",12.187
24.776,87.585,43.277,"K",47.777,39,39.117,52.24,42.108,"Class3",66,"L",2.569
57.372,37.375,34.953,"O",52.836,53,13.777,45.357,59.079,"Class1",46,"J",75.243
14.202,88.222,39.281,"Q",64.801,46,40.071,60.272,65.824,"Class3",63,"K",12.113
26.923,85.444,44.533,"M",59.3,45,41.804,60.063,35.022,"Class3",69,"L",23.317
52.277,22.791,0.82,"T",83.973,50,64.977,37.699,98.465,"Class2",56,"R",55.739
57.361,43.865,66.07,"Y",88.734,59,38.929,42.475,83.958,"Class4",41,"I",32.87
59.34,31.008,69.067,"Q",93.814,21,7.202,36.05,83.275,"Class4",41,"Q",38.842
97.671,46.687,0.544,"T",88.313,76,59.956,28.85,98.057,"Class2",34,"H",61.581
52.334,27.746,1.452,"O",86.079,70,57.49,30.443,97.328,"Class2",49,"H",78.364
72.469,33.522,13.794,"B",63.099,65,42.241,50.097,60.874,"Class1",44,"O",75.671
12.941,86.722,50.005,"Y",50.246,42,41.346,57.765,52.161,"Class3",63,"L",11.3
18.235,87.983,42.08,"M",46.701,38,40.097,64.338,58.233,"Class3",67,"J",19.401
87.531,9.975,0.372,"E",88.515,36,62.881,37.616,97.697,"Class2",60,"H",55.165
56.678,33.749,19.919,"D",39.354,55,27.523,39.846,62,"Class1",46,"J",72.195
64.72,31.5,15.821,"D",36.225,67,42.459,39.214,60.619,"Class1",44,"S",73.481
18.3,90.094,45.388,"K",45.631,49,41.629,54.815,36.855,"Class3",66,"K",6.98
68.555,53.492,64.977,"P",89.463,25,15.616,30.088,82.331,"Class4",41,"K",36.545
43.34,90.645,47.755,"Y",65.885,40,39.649,50.763,45.583,"Class3",65,"K",3.4
45.674,20.901,1.135,"E",84.933,43,63.778,33.56,98.017,"Class2",67,"T",62.884
47.88,22.562,62.678,"Y",86.697,34,35.02,20.925,83.606,"Class4",40,"O",33.83
23.049,90.861,43.071,"Q",64.225,45,41.418,51.095,73.585,"Class3",69,"J",11.681
27.393,86.096,47.333,"M",46.645,38,39.488,NA,27.827,"Class3",63,"V",22.092
57.311,44.934,20.344,"D",31.619,67,24.699,50.307,57.495,"Class1",44,"B",71.189
NA,33.795,-0.123,"S",84.552,49,53.367,30.733,97.546,"Class2",44,"R",66.267
14.84,87.35,49.965,"Q",61.729,37,39.729,56.298,25.208,"Class3",63,"B",6.312
82.371,37.612,0.476,"S",87.518,55,68.304,44.791,98.234,"Class2",40,"R",62.689
62.775,26.29,19.574,"H",69.421,51,36.385,50.453,60.393,"Class1",42,"O",74.691
37.776,87.311,54.434,"T",48.566,51,40.607,52.802,54.043,"Class3",63,"B",13.765
96.247,37.293,0.301,"S",90.974,39,58.919,28.607,97.85,"Class2",53,"R",66.73
28.632,86.074,53.363,"M",35.325,46,40.747,73.624,37.47,"Class3",62,"V",17.086
38.381,48.383,26.766,"Q",89.287,46,49.706,22.429,82.628,"Class4",41,"M",40.421
51.2,35.794,34.207,"Q",88.547,32,40.117,41.031,83.59,"Class4",41,"M",28.71
59.471,41.342,9.089,"Z",63.617,54,42.345,NA,53.639,"Class1",45,"S",74.841
43.173,32.758,37.192,"K",94.315,54,28.393,28.967,82.407,"Class4",41,"I",29.337
64.382,53.126,43.41,"P",88.166,60,42.764,38.169,83.767,"Class4",41,"I",29.978
44.249,36.627,44.695,"P",88.519,44,17.788,44.395,83.934,"Class4",40,"O",30.071
63.486,39.762,16.373,"Z",59.761,52,56.215,51.109,62.756,"Class1",43,"S",65.578
52.922,33.86,19.395,"O",27.421,59,58.909,43.143,64.045,"Class1",42,"S",70.01
58.418,39.861,28.289,"Z",46.397,53,12.845,43.161,62.44,"Class1",43,"O",73.024
28.56,89.422,48.486,"K",49.679,41,41.774,44.42,34.83,"Class3",63,"J",3.828
52.671,49.273,36.296,"R",87.617,35,12.243,29,82.313,"Class4",41,"Q",30.707
NA,28.366,32.452,"D",57.675,70,24.642,43.173,57.129,"Class1",45,"O",74.156
52.097,40.169,18.142,"B",63.74,54,28.695,48.382,63.791,"Class1",46,"O",74.919
29.49,85.707,41.123,"K",51.506,42,40.371,61.574,41.23,"Class3",60,"B",21.438
51.408,31.274,24.296,"H",82.554,58,52.16,43.598,63.219,"Class1",44,"J",74.858
61.636,35.776,72.979,"K",86.723,28,12.42,43.66,83.322,"Class4",41,"K",36.156
56.004,17.819,40.557,"P",89.618,48,35.758,25.664,84.477,"Class4",41,"O",28.084
31.65,89.448,49.453,"Q",46.272,40,39.883,60.733,49.706,"Class3",61,"V",20.812
56.519,17.038,41.844,"P",84.356,69,31.285,22.841,82.084,"Class4",41,"O",37.826
59.023,40.58,17.488,"D",57.378,69,32.879,47.466,53.395,"Class1",45,"O",72.711
54.945,40.385,7.74,"H",53.94,58,59.475,46.685,61.103,"Class1",44,"B",66.005
48.231,31.106,27.814,"K",96.102,25,39.206,36.828,84.476,"Class4",41,"I",34.252
49.219,29.532,19.853,"O",66.704,57,23.066,44.501,66.47,"Class1",43,"B",74.89
61.416,45.031,9.354,"Z",77.278,53,52.884,45.788,64.499,"Class1",42,"O",70.959
97.947,40.131,0.785,"O",92.974,39,58.873,31.944,98.442,"Class2",61,"T",55.884
41.925,26.731,28.203,"Q",84.399,56,33.181,21.906,83.224,"Class4",41,"K",32.506
23.905,87.704,41.175,"M",43.008,43,39.769,56.102,47.849,"Class3",68,"K",18.24
NA,86.187,45.171,"K",45.595,52,40.018,48.674,20.168,"Class3",69,"B",8.644
69.081,18.802,64.44,"P",87.26,22,41.403,33.427,82.467,"Class4",40,"O",28.879
35.221,11.852,0.956,"O",83.264,61,88.76,30.697,97.535,"Class2",41,"F",58.525
62.62,33.969,15.981,"O",40.704,59,19.992,41.869,62.042,"Class1",44,"B",74.175
47.874,26.568,68.22,"K",82.416,46,10.224,22.167,82.615,"Class4",41,"M",37.297
54.502,29.264,27.66,"O",64.341,72,58.265,45.457,62.712,"Class1",43,"Q",67.275
51.002,46.889,46.618,"Q",89.784,48,43.284,26.979,84.933,"Class4",41,"M",31.641
104.812,47.182,1.443,"E",94.737,61,78.342,27.391,98.646,"Class2",33,"F",58.981
63.656,23.512,0.915,"S",88.412,43,49.299,26.441,98.549,"Class2",55,"N",74.433
NA,18.494,-0.411,"O",84.729,49,81.067,35.921,98.266,"Class2",49,"N",64.487
21.419,87.549,51.801,"Y",45.763,52,41.168,53.882,45.358,"Class3",62,"K",13.28
55.889,22.076,0.911,"T",85.914,45,83.438,30.37,98.857,"Class2",40,"F",58.479
72.876,39.675,1.203,"J",86.794,60,84.69,33.006,97.451,"Class2",40,"F",54.042
54.714,29.94,62.075,"R",90.072,64,19.062,24.379,82.391,"Class4",41,"K",37.873
24.681,90.313,53.112,"Y",43.235,44,41.139,59.187,48.497,"Class3",63,"B",3.063
28.448,87.412,37.42,"K",56.859,51,41.183,55.645,54.337,"Class3",62,"J",13.964
67.63,57.529,57.987,"P",86.518,51,31.967,39.239,82.285,"Class4",40,"K",33.691
54.817,36.112,21.022,"Z",81.808,57,16.342,44.776,65.426,"Class1",44,"B",65.2
54.548,20.026,77.282,"R",94.395,23,36.799,28.533,84.327,"Class4",41,"Q",32.87
84.142,36.343,1.245,"J",94.306,65,82.029,36.835,97.912,"Class2",39,"T",66.093
92.802,11.775,1.383,"T",86.789,42,81.037,38.272,98.53,"Class2",67,"T",63.268
58.451,29.371,24.255,"H",50.692,60,22.22,44.939,61.413,"Class1",43,"O",68.813
85.207,22.538,1.404,"S",87.884,62,53.363,31.961,98.49,"Class2",49,"R",78.465
54.064,39.647,18.819,"H",72.844,58,30.556,50.633,52.406,"Class1",46,"B",67.462
15.641,86.902,45.151,"T",65.486,46,39.47,61.378,44.669,"Class3",67,"B",10.855
39.247,16.161,30.414,"R",87.503,24,42.367,20.172,83.598,"Class4",40,"O",29.933
49.166,17.248,44.752,"Q",86.073,46,15.319,33.63,83.108,"Class4",41,"K",32.443
76.525,19.655,0.927,"J",86.254,58,79.159,NA,97.427,"Class2",48,"R",55.448
46.308,34.948,25.433,"B",56.745,60,54.206,46.643,58.554,"Class1",46,"J",70.181
51.339,29.713,19.613,"D",67.362,62,33.537,47.968,58.371,"Class1",45,"B",74.861
84.441,13.737,1.032,"E",84.428,75,77.355,34.892,98.438,"Class2",54,"H",70.945
75.868,22.836,1.511,"E",83.004,72,53.155,34.695,98.353,"Class2",65,"N",59.187
27.506,86.525,51.762,"T",59.188,48,40.848,54.306,71.872,"Class3",69,"K",8.553
47.502,36.307,20.243,"O",52.1,57,8.848,47.769,57.623,"Class1",44,"S",64.898
46.812,57.151,53.81,"Y",91.953,43,7.865,35.842,84.258,"Class4",41,"O",36.141
29.692,27.666,1.585,"O",84.698,65,62.936,33.92,97.089,"Class2",57,"T",78.215
55.24,35.606,76.505,"R",90.312,38,19.372,32.197,84.065,"Class4",40,"K",28.205
50.395,56.102,63.858,"P",91.999,62,14.282,24.612,82.182,"Class4",40,"I",39.644
57.193,41.261,18.981,"D",75.421,69,48.826,44.483,65.309,"Class1",42,"Q",71.909
55.429,11.963,-0.379,"O",89.571,55,66.067,21.714,97.437,"Class2",52,"R",56.517
77.3,42.4,0.888,"E",86.509,41,64.294,41.734,97.352,"Class2",64,"T",66.858
62.165,36.659,13.985,"O",59.78,68,53.905,42.2,57.817,"Class1",45,"Q",67.795
63.812,46.668,50.673,"P",86.034,32,28.427,33.111,84.115,"Class4",40,"O",39.426
56.598,28.327,55.058,"R",89.066,42,34.278,51.116,83.552,"Class4",40,"Q",35.347
43.162,47.64,75.468,"K",89.424,73,45.363,29.663,82.239,"Class4",40,"Q",35.824
57.125,37.732,1.41,"E",85.862,66,77.962,23.64,98.604,"Class2",55,"N",63.134
46.663,31.797,-0.363,"E",86.584,50,51.526,35.854,98.792,"Class2",55,"T",72.385
49.685,41.334,15.014,"H",83.77,63,11.85,39.86,54.282,"Class1",43,"O",66.335
88.735,25.714,0.923,"O",92.402,71,61.917,35.538,97.966,"Class2",63,"F",66.998
NA,89.87,42.89,"Y",62.463,44,40.957,53.309,36.468,"Class3",60,"V",7.636
21.912,87.324,48.404,"T",30.679,51,40.337,56.299,32.903,"Class3",60,"J",21.221
62.171,38.325,14.776,"H",85.628,64,22.782,NA,64.749,"Class1",44,"B",66.478
69.348,28.873,1.59,"S",86.236,46,90.803,29.581,97.912,"Class2",53,"N",56.324
28.479,87.634,51.393,"Y",61.725,41,41.293,63.621,46.594,"Class3",62,"B",10.031
21.502,90.191,41.711,"K",40.319,40,39.87,58.189,46.354,"Class3",69,"L",19.104
105.123,27.536,0.876,"T",86.948,64,51.258,28.695,97.815,"Class2",67,"R",72.427
76.168,26.732,0.861,"S",90.817,55,87.647,43.528,98.135,"Class2",40,"T",76.741
68.784,16.615,1.682,"E",90.544,46,67.863,43.627,98.499,"Class2",67,"N",61.769
18.437,87.844,48.728,"K",31.585,47,41.939,63.425,30.962,"Class3",65,"V",23.807
54.917,40.624,16.794,"H",50.619,59,56.728,50.372,60.27,"Class1",43,"Q",67.269
51.967,33.189,72.434,"P",85.026,77,11.248,31.758,82.954,"Class4",41,"O",33.369
51.979,54.7,75.04,"Y",82.817,45,19.749,36.339,82.295,"Class4",40,"M",37.34
53.466,28.734,7.202,"D",39.779,57,36.801,48,68.811,"Class1",46,"Q",65.803
84.425,19.897,0.402,"S",83.746,75,87.749,21.687,97.884,"Class2",40,"N",60.161
14.88,89.143,49.82,"M",56.848,37,40.649,58.248,42.077,"Class3",60,"V",7.024
38.472,88.293,52.811,"M",38.836,40,40.086,48.185,20.787,"Class3",63,"L",11.14
30.915,85.022,45.281,"M",29.968,49,41.459,52.577,46.721,"Class3",65,"L",8.487
64.499,33.409,19.501,"B",46.458,55,37.768,49.482,59.664,"Class1",43,"S",67.566
61.973,24.862,47.178,"P",92.075,32,49.258,30.78,82.974,"Class4",40,"Q",33.553
29.038,88.802,41.5,"Q",57.282,43,41.5,NA,74.545,"Class3",65,"K",1.406
27.483,88.486,47.226,"Q",45.744,47,40.296,54.623,59.282,"Class3",63,"V",1.229
50.678,40.034,20.766,"B",59.592,65,50.172,49.39,57.959,"Class1",43,"S",75.862
1.906,90.944,45.322,"Y",53.084,38,41.915,NA,58.95,"Class3",66,"V",3.319
89.457,13.52,1.08,"E",80.902,37,87.086,41.63,97.706,"Class2",54,"N",59.511
48.464,38.27,73.094,"Q",85.465,70,51.157,35.255,84.874,"Class4",40,"Q",37.38
NA,45.225,22.913,"H",63.905,66,28.688,44.7,67.904,"Class1",45,"O",75.308
62.237,39.955,33.374,"H",74.469,68,37.703,NA,57.558,"Class1",45,"J",68.325
NA,33.825,1.609,"J",84.128,65,65.511,37.36,97.869,"Class2",35,"H",56.632
58.773,45.337,23.301,"D",51.03,67,56.455,48.038,52.537,"Class1",45,"B",75.549
74.856,36.021,24.433,"K",84.569,50,20.527,27.732,83.948,"Class4",40,"M",34.203
54.837,34.392,17.705,"O",66.975,63,48.169,43.845,55.632,"Class1",43,"Q",71.78
53.411,43.473,15.218,"H",62.225,72,59.048,40.736,56.327,"Class1",43,"B",74.328
66.457,9.514,0.103,"T",84.727,61,68.907,31.48,97.973,"Class2",46,"R",72.685
100.411,31.086,-0.678,"J",90.964,71,71.664,33.835,97.422,"Class2",36,"N",74.338
64.822,19.008,74.413,"P",94.859,52,20.544,41.646,82.732,"Class4",41,"K",28.961
27.122,45.84,0.969,"O",91.414,43,72.019,32.912,98.356,"Class2",48,"H",76.99
NA,32.707,20.557,"Z",59.397,61,13.371,42.275,64.203,"Class1",44,"J",64.598
10.248,86.995,50.581,"M",44.523,38,40.006,54.427,59.111,"Class3",68,"V",16.927
49.235,50.816,52.597,"R",86.357,44,52.9,28.24,83.625,"Class4",40,"Q",38.361
45.62,31.295,26.031,"O",63.085,58,46.352,42.74,53.908,"Class1",45,"O",68.262
34.737,29.843,65.428,"K",82.984,54,31.812,30.716,84.735,"Class4",40,"Q",34.257
43.514,25.234,56.13,"Q",90.201,24,18.916,30.534,84.619,"Class4",41,"Q",36.709
23.241,85.876,47.317,"M",53.147,44,40.865,47.027,79.341,"Class3",61,"K",7.22
61.581,45.358,22.642,"H",40.412,67,39.646,47.772,61.877,"Class1",46,"S",66.045
71.578,44.751,0.526,"T",89.087,45,52.174,34.516,97.224,"Class2",62,"N",57.996
51.391,50.956,66.375,"R",81.243,75,33.332,24.583,83.812,"Class4",40,"I",40.527
54.207,20.443,20.194,"P",83.398,72,32.746,29.426,84.509,"Class4",40,"Q",29.874
58.085,40.785,29.036,"P",90.82,38,51.422,27.887,84.621,"Class4",41,"O",29.524
47.565,43.156,13.365,"O",39.202,69,19.035,48.926,68.907,"Class1",43,"O",65.438
65.393,29.876,6.643,"D",52.39,64,56.585,45.078,58.91,"Class1",44,"J",68.898
64.611,22.047,1.026,"T",85.57,67,88.165,34.057,98.298,"Class2",40,"N",68.265
57.49,38.301,21.829,"H",56.867,52,41.273,45.17,56.793,"Class1",42,"Q",70.78
50.172,29.598,10.73,"Z",69.906,57,42.699,50.767,59.144,"Class1",46,"Q",65.884
31.641,90.661,50.026,"Q",33.289,47,40.173,58.579,33.28,"Class3",63,"L",15.726
65.965,25.523,27.238,"H",85.234,57,40.117,50.306,60.212,"Class1",45,"S",74.875
56.158,18.817,0.436,"E",87.404,70,56.321,32.626,97.749,"Class2",37,"T",74.182
67.68,24.141,0.333,"O",92.446,74,88.214,34.341,97.32,"Class2",50,"H",66.911
60.056,38.259,0.233,"T",88.937,59,90.804,NA,98.531,"Class2",62,"R",76.686
66.676,29.614,17.556,"B",34.63,59,36.893,38.302,67.221,"Class1",43,"J",74.041
59.104,55.796,54.981,"P",87.903,54,51.421,35.562,83.142,"Class4",41,"K",29.932
51.191,50.977,69.989,"K",85.065,29,26.697,24.44,84.561,"Class4",41,"I",37.007
48.786,30.578,18.676,"Z",79.348,53,22.118,35.737,64.927,"Class1",42,"S",66.29
84.33,26.352,0.653,"T",90.981,65,81.053,36.137,97.095,"Class2",37,"N",58.606
32.671,86.804,47.202,"K",64.508,49,40.188,52.044,35.049,"Class3",61,"L",9.893
48.12,27.448,58.522,"Y",90.116,57,23.45,22.11,84.133,"Class4",41,"I",32.982
70.928,14.894,0.923,"T",88.135,39,52.333,24.798,97.981,"Class2",67,"T",60.878
24.02,85.844,46.522,"Y",41.264,40,41.556,50.028,32.971,"Class3",66,"J",4.007
75.322,33.965,-0.842,"O",82.26,41,64.697,41.224,97.685,"Class2",43,"H",62.201
57.216,37.829,0.134,"T",83.484,47,92.63,30.771,98.849,"Class2",55,"R",60.759
56.467,33.936,24.945,"H",57.959,53,27.923,37.883,53.071,"Class1",46,"B",73.515
71.528,35.931,1.117,"J",82.292,54,65.219,32.582,97.343,"Class2",37,"R",72.02
16.398,85.631,39.112,"M",40.854,46,41.974,58.599,78.004,"Class3",60,"L",19.746
24.231,86.238,42.067,"M",59.296,50,40.15,61.778,32.719,"Class3",66,"J",7.219
66.139,40.05,16.615,"Z",18.179,66,13.869,43.439,55.116,"Class1",46,"O",68.079
24.827,89.019,48.94,"Q",48.125,44,41.303,64.795,38.536,"Class3",63,"B",2.464
70.005,34.025,0.234,"O",96.966,45,64.848,37.096,98.893,"Class2",59,"T",63.272
53.497,26.985,45.218,"R",83.469,40,39.43,22.617,83.984,"Class4",41,"I",36.682
58.646,37.32,21.257,"K",93.234,38,12.303,30.703,83.391,"Class4",40,"K",37.4
57.567,37.494,18.647,"B",35.85,69,9.7,45.875,56.072,"Class1",46,"S",64.613
55.477,41.58,13.729,"B",22.126,50,51.609,48.129,68.701,"Class1",42,"J",74.477
57.398,47.75,58.512,"P",86.731,54,46.854,43.67,83.362,"Class4",41,"I",32.451
53.341,36.962,18.332,"O",62.522,70,9.864,NA,63.809,"Class1",44,"J",75.669
90.847,38.125,0.71,"O",81.564,64,57.899,NA,98.753,"Class2",36,"F",64.882
42.983,26.86,97.784,"Y",86.099,24,41.028,31.482,82.213,"Class4",40,"I",33.099
24.154,89.36,47.031,"Q",44.37,51,41.167,NA,71.565,"Class3",65,"B",7.527
53.575,24.959,60.921,"Y",85.733,69,25.44,40.718,83.167,"Class4",41,"K",31.16
22.238,89.737,45.573,"T",27.401,46,40.322,58.553,59.668,"Class3",68,"B",9.715
38.612,86.555,46.239,"Y",50.162,38,40.269,54.547,79.575,"Class3",65,"B",2.409
17.71,86.839,45.429,"T",30.788,46,40.475,60.871,28.112,"Class3",62,"V",3.632
84.219,31.545,1.13,"J",87.894,49,79.078,38.228,97.128,"Class2",38,"H",72.737
51.5,25.279,0.138,"J",83.375,49,71.867,40.463,97.148,"Class2",44,"R",54.416
84.017,21.174,0.877,"J",91.102,61,91.855,27.437,97.875,"Class2",51,"T",70.212
76.631,42.995,1.546,"O",89.343,39,64.74,33.594,97.944,"Class2",67,"H",70.799
56.857,36.18,28.451,"D",39.565,59,40.052,50.565,54.492,"Class1",42,"B",70.807
70.814,16.157,1.907,"O",94.538,78,73.105,42.324,98.615,"Class2",44,"N",61.261
58.37,31.9,26.581,"H",54.116,70,33.368,42.718,63.892,"Class1",43,"O",68.387
52.695,16.179,51.689,"Q",83.995,57,29.873,27.097,83.203,"Class4",41,"O",37.832
14.176,88.622,47.372,"Q",62.822,37,40.935,54.22,78.759,"Class3",65,"L",21.98
19.603,86.099,40.063,"Y",35.09,43,41.966,50.083,35.435,"Class3",66,"V",11.11
18.866,90.826,45.137,"T",63.381,50,41.654,55.921,59.624,"Class3",64,"J",12.051
60.106,25.446,4.136,"H",53.052,68,44.717,50.978,61.801,"Class1",44,"O",75.977
57.902,35.673,15.998,"B",43.977,71,27.644,45.165,53.76,"Class1",42,"Q",68.387
33.846,44.86,85.127,"Q",84.152,76,18.288,23.54,82.878,"Class4",41,"O",34.887
43.748,53.519,49.507,"P",91.739,29,47.847,16.318,84.143,"Class4",40,"O",29.143
28.832,90.562,43.18,"Q",40.665,41,39.813,66.854,22.037,"Class3",64,"K",6.743
58.918,36.613,13.373,"Z",79.366,72,40.153,48.825,52.714,"Class1",45,"S",68.99
100.447,41.579,0.552,"O",84.938,39,77.432,47.286,97.444,"Class2",41,"F",78.208
